gene	sample1	sample2	sample3	sample4	sample5	sample6	sample7	sample8	sample9	sample10	sample11	average
PHF20	92.67759091	18.0857779	28.81556601	78.82837883	78.82643704	90.6568431	23.88593389	56.78619554	79.13663616	76.05092489	62.6825131	62.40298158
SMG5	70.83632772	27.08704626	29.53308695	62.81964316	81.05397826	48.13798555	30.89459068	48.67174844	61.5079644	46.59872834	53.22865237	50.94270474
TNS4	0.435230577	115.6912381	201.3959771	0.252437453	0.396510529	0.238259757	119.1926563	55.05635711	0.365503018	13.30241509	140.232218	58.778073
UHRF1BP1L	20.80651164	3.950600699	5.615173785	18.17731893	19.10677667	21.64282328	4.079530298	14.26913138	18.59449564	12.47746211	6.60602335	13.21144071
USP37	4.900682603	1.738974438	2.168080858	5.128697694	4.057106092	6.845166428	2.442377673	5.525540362	4.881393564	5.060118398	3.767838572	4.228725153
KCNN4	1.166177373	168.2195256	26.70355864	1.654583207	1.341098958	0.599503839	3.79474154	63.50494207	0.760753053	14.8423056	59.68381262	31.11554568
RNMT	50.02693606	22.06361311	25.06158233	45.95221184	50.22675933	37.21971826	16.89023483	49.16929349	43.41884066	45.4466485	40.07681062	38.68660446
CDV3	109.9961457	73.44185567	76.5434443	126.1911216	102.3038583	134.0566062	57.88909331	94.7559492	88.16662625	84.8549751	81.84581615	93.64049925
RPS6KL1	4.627387633	0.625226205	1.05060864	5.160527302	5.191772661	3.58688156	1.63017907	2.474792889	2.859778662	3.639939521	1.769666056	2.965160018
MAPRE1	146.7350064	103.7915854	72.14004447	179.8925343	175.8755491	214.0406427	55.9621259	121.3056348	205.2588306	121.5618933	129.8783086	138.7674687
GZF1	12.31785711	4.125490134	2.912366668	10.55086057	12.52563205	11.31178441	4.579375598	8.485358081	10.8740757	9.358488484	6.260034498	8.481938482
KIF27	1.495996767	0.289387481	0.573895828	1.335664959	1.107933602	1.214315458	0.675560592	0.947729868	1.015248963	1.159517759	0.774934404	0.962744153
SMEK2	57.34949102	14.91786362	27.65609038	54.84872082	55.20816037	45.95646874	28.945915	50.45283256	38.30500466	38.46823891	33.60006625	40.51898658
RAF1	75.9564064	34.77364306	50.75360281	70.68630789	78.13780912	66.41674392	42.20684048	63.69921794	77.61125606	71.69431155	55.97422232	62.53730559
ATG4D	12.16319889	39.4144513	33.94798971	12.08898297	11.5945728	8.815331024	37.10962643	20.13437927	10.13647975	13.81088093	32.91592995	21.102893
ZHX3	25.88321148	3.072481431	4.795347539	19.42412605	22.47359331	17.40419775	5.032776635	7.306173046	21.3286963	16.16682873	6.3674221	13.56862313
TRAPPC6B	18.5898256	12.27964376	15.14156503	20.96829628	20.26354735	20.77823847	16.24583058	20.97445651	17.52473533	19.02780177	12.87774051	17.69742556
PITPNM2	15.77419394	1.847991858	3.546866991	17.95049975	22.88474546	19.18526521	5.507361048	6.925378896	14.68469978	11.23359824	2.930140594	11.1337038
SNAPC3	26.84635253	9.235679195	11.59790281	23.45303768	26.75022428	20.51843626	14.75629832	20.77626359	27.76809697	19.96191665	11.02194739	19.33510506
PALM2	0.264621271	0.243498099	0.221241801	0.311970067	0.331484156	0.414908136	0.178416237	0.365727236	0.272655119	0.448183074	0.203364466	0.296006333
C11orf58	94.57510158	49.00534645	39.35150978	81.47665674	87.49963333	88.6023462	42.88005432	75.86038268	74.45998179	87.18536014	58.88277589	70.88901354
RRAGD	25.96552265	3.375875487	10.45518961	16.43046605	18.46632987	17.84090165	11.26030172	7.402064481	15.58998885	12.75766595	6.570328617	13.28314863
RIC8B	11.04210402	1.734634644	1.564826825	10.2371784	10.6711022	9.317869569	1.98005239	6.387663884	9.879162291	8.370434142	5.88930236	7.006757338
TUBE1	11.78407299	5.410320177	5.181676822	13.16598182	9.818339349	14.13714985	4.922478875	11.18583333	11.21647578	11.89950029	7.707691356	9.675410968
SPTB	1.91825057	0.374205196	0.97642431	1.155447259	2.013894575	1.330522362	1.964244624	1.503977429	1.363095355	1.934756796	1.104784965	1.421782131
TRPC4	4.688896923	0.467859836	0.751644382	4.60622415	2.682567415	6.768453902	0.479692496	1.363921391	4.66890047	3.209383056	0.481616642	2.742650969
ULK2	16.62588027	3.708300676	2.833391623	13.21223745	14.05975733	12.40623073	3.849527692	7.765687367	16.49217226	11.05602952	4.567260152	9.688770461
TRIM62	5.368773648	8.368248086	9.736066093	3.218608074	4.193567618	2.115848301	6.506277425	6.413708698	3.58345478	3.718929856	9.069649749	5.66301203
RNF10	110.8408851	68.72309818	81.11388332	100.2027961	102.922119	96.60283842	83.70547369	81.14675115	96.86825474	93.76284543	70.36869631	89.65978559
PLEKHA5	39.71433548	8.066661393	12.53200203	35.4665117	36.7408864	34.46317726	17.84128482	33.147725	34.91560116	31.3945823	17.12083307	27.40032733
KIF1B	35.90237457	5.64464058	17.7787433	40.29955352	36.43897896	31.92347819	11.36114329	15.51969491	32.05974412	21.18731584	10.73198948	23.53160516
IPO8	44.49907523	15.59991298	14.81886869	38.37520027	38.72486441	36.34032418	14.19271494	42.05196089	38.79287964	35.42248438	23.72751776	31.14052758
FGD6	10.63345413	1.176939557	1.776079894	9.299727307	7.091067025	7.595579109	3.197228315	8.096486962	9.458969756	5.823619885	2.540579104	6.062702822
CNTLN	8.502475438	1.778530742	1.695498579	8.423881655	7.327798271	9.663218035	2.361928544	5.634925723	10.09643846	6.708914684	1.341754469	5.775942236
RPP14	17.82897679	10.85619843	10.18160273	17.60334283	17.97171215	14.92482825	13.39548009	17.60684925	15.60662513	16.39564014	10.27103926	14.78566319
TACC1	206.0335291	31.67222603	25.65426259	160.585923	162.8568055	189.3185731	29.20252828	67.0539479	168.9346889	114.822314	20.43224253	106.9606401
DDX6	60.78372664	27.54664611	37.91282395	55.95805285	61.41136143	56.37899432	40.30870646	58.83297454	53.53703803	59.08127547	39.01086475	50.06931496
C10orf137	7.163018886	2.295162491	3.279713302	7.167130982	6.045874076	4.878048466	3.254986386	5.80432776	6.176066058	5.877805921	4.113691215	5.09598414
NEURL	21.72608181	0.143284023	0.259177012	17.44900236	24.75915985	21.47340662	2.839030272	2.633770439	15.12388655	13.1678755	0.397870872	10.90659503
CAPS2	1.487357053	0.424033354	0.393757059	1.50394249	1.322252043	1.793484191	0.85401813	0.932199225	1.284196947	1.597206606	0.779764993	1.124746554
DCAF5	45.3169901	16.18497377	18.15058888	37.44762609	41.89586694	30.96941837	29.12724187	25.27005517	36.7994246	32.72929596	23.38688103	30.66166934
FAM38A	97.26632701	18.61055231	40.12624547	96.44638872	92.85698944	110.2079816	27.83897001	60.69807065	102.7928377	75.460499	33.55063325	68.71413592
EIF5	89.5266018	15.76552511	44.8314528	103.586559	82.51565786	90.93934002	48.49548199	54.2367309	50.46017821	51.81251375	40.25475546	61.12952699
DCAF10	15.29469836	5.033431562	7.053024869	13.38692424	14.22237117	11.952493	8.291170711	12.42535911	13.55437291	11.99483144	10.70540659	11.26491672
CASP9	14.37921279	39.89344268	64.43027226	14.42078358	12.29810284	10.34209835	14.41225367	19.63991253	13.00723332	17.02368404	34.54282477	23.12634735
PPP1R3E	4.33404143	1.610764442	1.502750119	3.303427911	3.579088914	3.334728329	3.259071942	2.596424623	2.858197803	5.016230165	2.091164449	3.04417183
CNOT4	17.86945534	6.333594203	9.300683522	13.96734052	15.34647136	11.06856062	10.26096879	11.86486812	16.3205155	13.50807188	9.230884338	12.27921947
SEC31B	27.4139501	21.59330881	19.11754171	28.2279168	28.22112005	31.82544908	25.91486824	21.31480794	28.78320685	33.78443043	14.3916659	25.50802417
RPRD1A	125.5455281	26.89053479	26.27353691	110.1921033	126.8495902	111.6306857	28.05848618	94.90427913	88.07823172	75.70719909	53.19340341	78.84759805
MYSM1	5.400130623	0.671721104	2.033766186	4.924837325	3.830185948	5.726498531	2.030504616	4.050022747	3.142259681	3.581050309	2.087612576	3.407144513
TPCN2	27.07511144	7.336562497	8.740642746	20.0024838	21.96483218	23.2914322	8.98092265	12.76106556	14.44916975	21.37388579	12.9063781	16.26204425
WWOX	15.54175313	12.7710809	9.187804272	15.24059959	17.59886847	18.16279054	18.76872469	18.84401421	19.62758723	15.355101	8.306241186	15.40041502
ALDH5A1	4.390009103	16.10704866	18.24102899	3.596586916	4.21860255	2.607348231	22.34268212	11.22161851	3.310383673	8.23252138	27.68417494	11.08654592
NBEA	33.65756025	2.708789411	3.372171619	43.3173022	43.06738535	50.331186	3.056812348	13.75396967	42.29548772	28.69921638	4.319548879	24.4163118
ANKHD1	55.62448936	34.77635328	44.10468093	54.3465596	48.06501917	56.74901303	36.78392094	46.89097335	43.38747188	56.65635296	37.55372877	46.81259666
ZNF614	7.477720515	2.338678485	2.244916279	4.909202921	5.553359183	6.498842813	1.857711366	5.534814205	4.970042552	5.044121951	3.618137289	4.549777051
GSTM3	49.15848832	44.84852658	8.021638552	40.79449468	41.68724081	80.92867523	90.60595543	74.0309952	46.29307211	35.94017259	23.55556107	48.71498369
REEP3	49.06675142	17.11849811	22.51965162	48.8138969	50.25688246	60.27882562	18.56376975	45.81660298	61.871367	41.3361775	18.55841098	39.47280312
EIF5A2	5.973742784	2.279758715	1.030543722	7.013147031	5.567987935	6.955037284	1.601019723	5.861738787	7.302711134	4.508032639	3.078069185	4.651980813
FAM124A	6.241226026	0.538733856	1.534202144	4.899869835	6.080838434	6.208120438	1.026866847	3.372978233	5.829616345	3.782591392	0.823393634	3.667130653
AKR1D1	0.913476643	0.379913729	0.534014119	0.791423015	0.849943235	0.585760275	0.503965674	0.631623947	0.758777071	0.65286115	0.510787285	0.646595104
SMAD9	13.30060008	0.885758072	0.377759587	9.803159871	8.965592478	4.652220108	0.415033844	5.119084309	9.060762688	7.200827016	1.488726128	5.569956744
ARL10	4.362493821	1.37685128	1.168014822	3.724814804	3.083360099	2.756004275	2.380881794	2.218616297	4.177247569	4.505352279	1.442241266	2.835988937
SETBP1	27.27128579	1.932535723	2.671132295	27.27073967	30.13642255	20.01137368	3.121028027	15.76939755	30.83256128	20.41198479	2.987060145	16.58322923
PSMC6	95.87564134	53.04185056	76.40189745	78.59459068	86.82748789	87.92890568	73.31412746	94.08258243	78.69150246	88.34509028	73.04674987	80.55912965
SLC25A46	26.19188875	6.475288425	12.75451276	27.07169956	27.80678099	26.16988177	17.08305593	24.2748557	24.05887677	21.25777982	14.87292388	20.72886767
SLC25A36	21.50847392	5.46751889	6.748506544	18.36592261	21.01292775	17.61069716	9.831021677	16.54784084	17.30842243	20.38119354	12.84921563	15.23924918
MTX3	8.343861214	2.527514974	2.276610389	9.183708435	8.138783463	6.772945387	3.723133514	5.096905322	7.692195675	6.205262706	4.493367965	5.859480822
ZNF577	5.865957005	1.727370158	1.561210886	6.087736736	5.846531694	4.600108789	1.371810539	3.623471815	3.565894985	5.885478405	1.922499605	3.823460965
AHI1	11.56897576	3.527118301	3.657266633	12.17091719	11.06454896	11.89001697	3.394821736	9.256296612	8.846207308	8.441844526	5.386585393	8.109509035
GOLGA7	56.27645888	32.11768984	31.02624552	47.2219785	52.59967224	54.54823461	32.87050739	63.99347882	50.24605997	53.18533632	35.40331708	46.31717993
MTMR7	3.178223487	1.242951476	1.086277167	2.60068722	3.260192284	3.474873868	1.887490839	1.634805691	3.090284785	3.024209035	1.032083051	2.3192799
ARHGEF37	44.09731356	1.961881157	3.654512689	22.45518861	33.73402408	29.09089772	9.532043472	6.421494671	28.69192817	23.48731851	4.071074404	18.83615246
C12orf51	73.45332688	12.09913612	22.46749215	68.86700194	61.18133783	67.90718553	23.97492955	33.21203507	77.20856993	48.1544396	29.46351079	47.08990594
PTPN21	24.21574604	2.035422784	4.33989035	25.01495103	29.12483273	22.83836548	4.283914085	9.580971907	17.03028758	12.28764651	5.254420675	14.18240447
SRRM2	135.0343464	71.11798634	80.8287228	174.8629733	142.2560537	170.4007643	84.87363431	104.5925928	111.0616328	146.9680183	80.05199855	118.3680658
PRPF39	13.636011	5.688102707	7.083909765	13.51802497	13.47510286	12.10808936	9.704457136	11.30786263	10.05066885	11.22764463	10.26667174	10.73332233
DYNC1I1	79.43417309	3.357164282	0.651390919	63.52525027	54.51812765	59.40864314	5.439654628	11.02281274	31.79106726	33.25464043	4.705745505	31.55533363
DHX57	13.69799005	7.48991781	5.436026631	12.66850865	14.66346032	10.57922469	7.558176346	15.18499037	12.65990018	12.91021653	10.4913937	11.21270957
ARHGAP5	30.67800717	6.295637693	10.27913738	30.67401501	26.36543998	29.66216659	15.71957021	25.95472207	25.50214633	18.23323651	13.93949904	21.20941618
TWSG1	65.69377378	21.70216486	13.5907691	61.15187039	67.45545442	52.86108742	11.98227671	100.0229613	89.27361627	59.88462264	37.11117389	52.79361552
EIF2C3	6.775972221	2.225904724	3.294238983	9.929315302	6.246463977	9.294277595	2.392435148	5.507620623	6.210598221	3.957348667	3.773486901	5.418878396
SOCS5	21.94276977	5.37712696	5.02649987	16.78587702	19.92541872	18.97078991	4.482903623	13.84903963	20.32533379	18.98482117	11.34376958	14.27403182
ZNF519	5.623033131	0.389768678	0.594866383	3.10335901	3.929542238	5.270753464	1.600742038	3.988979333	3.759831198	4.811974364	1.616084277	3.153539465
NEDD4	10.63632777	2.412396594	2.236883859	8.523306087	10.68678108	9.979266102	2.278825904	8.123231758	11.21050918	8.224755279	5.102754099	7.219548883
SOCS7	4.383444644	0.655351546	1.187381517	4.355157819	3.317744483	4.147072574	1.061132628	1.893744984	3.311643393	2.799878963	2.533854592	2.695127922
CERK	32.5525643	6.149963489	9.167193137	20.98949134	18.20200704	25.86548722	7.408470227	22.47523135	24.69202689	21.94231761	14.01296532	18.49615617
RNGTT	10.03564893	5.043604938	7.13773604	10.01866602	10.06188492	8.946692374	5.533720816	10.15655798	11.75356328	13.33404214	7.949373189	9.08831733
BRPF3	17.06102557	4.587377611	4.640177904	19.58881668	14.57992147	18.99548688	7.737057822	11.98607437	18.20199906	14.07459911	11.75848002	13.01918332
NECAB1	26.32370019	1.350655003	0.71234823	27.97785297	25.07761954	26.57869241	3.232788126	5.780366819	27.06065595	16.89004401	1.327226837	14.75563183
HBS1L	15.14365055	7.19111279	8.207105163	15.90660786	14.87787012	16.01202622	9.061469135	15.81380234	16.5001563	12.69480076	10.30953217	12.88346667
JMY	33.89106125	4.531986986	6.162419062	26.70511243	30.3145062	18.76008192	7.948885547	15.29706364	23.7655835	22.08991676	9.560471206	18.09337168
TIPRL	34.4844283	14.39725525	18.21189711	33.0610206	35.58866166	33.95342987	21.72252278	31.19729473	39.61156268	31.20400486	23.75082257	28.83480913
CCDC50	39.55394705	6.917131809	7.366106484	43.23150925	47.33056873	45.20304871	6.955173949	22.76526675	38.37776726	30.49251838	15.08983853	27.57117063
RSF1	23.38769466	6.257312049	5.946137773	23.20166885	20.59190593	17.94067519	5.735270132	15.69576552	20.76534747	17.56899636	15.20945855	15.6636575
LPL	21.53974254	0.412510384	1.309176544	17.02171453	16.55704238	22.91040852	0.368549757	2.761503531	5.426989351	11.01897741	1.312070354	9.148971392
PPM1A	24.57342878	6.521278744	7.635442675	21.93410568	23.77937183	16.10316489	9.371662655	16.18676761	20.28067612	19.4979998	11.2679426	16.10471285
RUNDC2A	7.260459347	1.650188337	2.204768038	5.243325718	5.522573241	5.848014789	2.031167261	3.079648405	4.607738529	4.248348196	1.992580391	3.971710205
SDC2	135.1254657	19.45941404	11.67028324	128.539397	139.7103609	214.4322959	15.76108867	107.5467801	157.8375667	154.8487755	24.22596601	100.8324903
SBNO1	24.74346699	2.320084226	10.64204551	23.21495883	19.35700009	22.90319465	8.600651831	20.02301515	22.11365351	12.70131491	11.8987027	16.22891713
NDUFA6	104.8929801	82.89900651	61.49142174	90.82842244	102.5955048	85.83361424	89.2051139	88.72687474	99.38161791	93.17705268	69.5580568	88.05360599
CHUK	13.96696722	5.892554643	11.47320898	17.34242863	12.48256561	16.72014493	7.539879223	13.65144519	14.12028665	10.86247975	6.606349	11.87802817
RNF180	31.92978459	4.148752922	1.740532218	26.34684403	27.43642428	30.6595653	5.119988509	13.9695022	27.8085122	21.79316652	6.036719039	17.90816289
AKT3	150.5544075	8.88975093	10.23625269	138.7533895	153.9405722	152.3825099	12.62164034	52.94966167	178.7538063	79.51982977	14.89951313	86.68193945
NOL4	1.55072089	0.145749779	0.028760417	2.235874598	1.551111424	1.536935985	0.239432067	0.322895248	1.768070643	1.412219334	0.40618948	1.017996351
DDX24	157.7404309	112.9395781	79.69284864	147.470994	158.3932474	124.4524623	48.810589	93.5025423	113.2438341	167.9547455	63.08240069	115.2076066
EML5	2.261898642	0.568567433	0.496373015	2.629273475	2.850719409	2.778913048	0.679287602	1.108588616	2.315752528	1.980707309	1.17326816	1.713031749
KCNA6	0.403829446	0.062443742	0.074356037	0.224040855	0.265183632	0.381176835	0.040957591	0.099553854	0.235453016	0.431378598	0.135671053	0.21400406
ZFPM2	23.64179667	0.44426134	1.134999328	21.31096426	23.11892514	21.57592255	1.597504258	10.03774237	24.68512834	19.36842627	2.142540187	13.55074643
C14orf45	9.102978605	1.858347343	1.96485424	8.594656624	9.380485479	6.924190152	2.18223045	4.687848551	7.89686199	5.204222549	2.98082424	5.525227293
AKD1	8.738886051	3.838022685	3.52137583	8.183851822	8.796502035	8.801038804	4.763910856	6.72157054	7.335833011	7.349389555	7.19595769	6.840576262
ME2	39.55268855	12.15799298	8.681096816	40.87776776	39.9628026	38.86449589	13.43332501	27.77677986	36.11743713	29.71185694	22.97918873	28.19231202
TMEFF1	6.685344187	2.272410893	1.088684833	6.57266905	7.093053379	7.168975557	2.210345635	5.303712531	7.068283544	3.385364367	2.872606844	4.701950075
KATNAL1	16.22446642	1.140606844	1.713392931	17.47691906	19.32209588	12.2487552	2.016785253	6.116843682	23.80707514	9.311984597	2.587742908	10.17878799
ESYT2	110.4807193	28.3765448	51.18106462	109.8132802	116.1537592	110.4947288	39.02887114	77.23916175	104.4366731	95.18230038	43.06553345	80.49569423
PHIP	14.94042017	5.091579733	4.252998978	14.12997878	12.85210774	13.48018245	6.935708084	13.45371639	14.13875647	15.68783798	8.253964563	11.2015683
VPS13B	33.11943248	8.756537262	11.43846714	38.65177016	33.72808392	39.55152462	9.158924241	33.90376654	34.61056287	33.56560831	28.28404661	27.70624765
TMEM51	9.885920634	120.0833213	33.40040236	9.951290295	14.65365388	8.640714847	13.62800438	54.30394488	14.8365162	20.98834182	50.77582716	31.92253979
HINT3	52.49190927	20.52801354	13.7530441	49.74923881	54.77724779	49.04447138	16.79526018	37.22069688	47.94327725	35.73233473	21.77843047	36.3467204
PPP2R5C	210.2681303	73.21249163	82.4761099	185.7541963	200.5167817	187.2718368	86.52760936	127.8759124	183.2557077	169.9177993	118.6084653	147.7895491
SPATA21	5.324504259	3.134499777	3.868895875	5.755617218	5.079376913	6.302686975	3.401369318	5.207230497	6.316766552	6.284646576	4.305486693	4.998280059
BACE1	25.85397893	6.084453337	7.889915326	20.54832508	26.26664836	18.49560878	7.351285348	24.52295712	28.90659406	23.29130303	6.446214726	17.78702583
PDHA1	54.57529148	30.35844241	33.06363097	46.98236269	50.32638417	52.26026851	45.89320239	42.12871461	40.3659255	44.01386308	25.75289977	42.33827142
MDM1	33.96380511	1.913747686	2.273141188	18.88617986	22.54671238	24.61782964	4.353489994	7.427137492	15.42826474	16.79397993	6.022324741	14.02060116
RUFY3	18.03123216	6.004145477	9.761393376	15.75370326	17.089683	20.81054929	13.86240823	11.93751137	12.31433154	15.38141404	13.3184027	14.0240704
SPOPL	19.59332231	4.009353397	5.040459019	16.99964363	16.43477779	14.03117664	4.578071744	13.94344401	14.89400271	11.92611715	10.39042706	11.98552686
KLC1	116.715263	81.88560198	70.63204743	107.2436939	134.75229	97.9327564	47.56630205	75.9712985	97.57153567	92.96407638	61.98137188	89.56511248
RRM2B	46.62787663	20.27326402	16.37028291	50.31143965	35.00943478	47.97615054	13.90302734	53.18071125	38.32983466	39.12827282	45.6089692	36.97447853
MLH3	5.863042283	2.487725988	1.348830154	5.418347198	5.283450382	4.447574536	2.077039932	4.067576261	4.585480514	5.7838685	2.886938949	4.022715882
UHRF2	28.33684974	6.297521528	7.982498842	26.08918252	23.9645958	17.77289044	7.976694987	17.13914024	26.68324327	21.74107127	12.22133484	17.83682032
TBC1D19	8.7627751	3.827563619	1.9454258	9.413571099	9.168867491	7.778108341	2.617925958	6.515091965	8.483143384	6.114944958	4.423326435	6.277340377
NAP1L1	235.7064675	123.9475516	99.31253024	192.8761967	207.8963797	231.5389672	104.0713603	184.9801457	173.0076528	192.7887915	111.9271771	168.9139291
TMEM170B	4.692629228	0.516026466	0.398185766	4.413703369	4.029208029	4.001077018	0.628622575	1.982255082	4.474138765	3.160979042	1.506238116	2.709369405
SMPD2	4.803312533	21.55717676	20.70035704	4.083426505	4.97590288	5.354264368	24.76550071	11.85165193	7.720737829	8.671657985	13.49991	11.63489987
PCDH7	35.05854485	3.2273059	6.772131587	40.34537904	41.34945092	51.69933954	11.92376736	31.77302332	50.15889745	32.92021103	7.418113176	28.42237856
DDHD2	28.91048275	10.34830165	6.750319198	32.493384	37.24661282	33.33132695	8.291508433	19.57471814	29.16260199	26.70147436	16.92242427	22.70301405
ZC3H13	43.61826597	10.74240711	13.40691116	48.85387193	46.09163138	34.32539943	11.58626316	35.15405595	43.60073272	35.3961114	33.43003995	32.38233547
DOK6	12.69160334	0.546414048	0.28924276	14.45091036	7.409101457	25.27081253	1.905667392	5.233606089	7.958224943	12.3142106	0.502144316	8.051994349
ASB1	16.13572066	3.057572486	2.737732386	16.11350843	17.14428653	11.90211137	1.753714887	4.782638937	14.74681724	9.568400001	4.399214359	9.303792481
SGCE	76.31462576	21.46772791	9.140036903	64.85707608	68.44738242	87.12229182	9.153842378	80.78607762	87.56749174	71.67487755	33.96634394	55.49979765
MAPK4	17.63456283	0.431423024	0.180758789	16.98117955	11.81949765	11.93769488	1.34386924	2.265632385	21.17108953	11.14831951	0.404596235	8.665329421
CSF1	53.50281763	3.732517572	10.71265503	58.03422531	26.36868109	77.93055685	12.31192936	44.60551224	36.51587776	55.43106135	12.86033435	35.63692441
PCNX	21.02231747	4.819350666	4.517268029	18.21343332	16.6378217	22.31316981	4.073900991	14.54900302	23.08337986	16.26819511	8.509523308	14.00066939
ZNF354C	3.61539782	0.075451428	0.31904207	3.019467906	2.828091528	2.020012757	0.232986224	2.211438894	2.934333205	2.855681447	0.372226439	1.862193611
MAPRE2	99.55553232	8.181281853	10.00692604	90.89943473	92.58774162	68.86003684	10.17395221	40.15032591	48.56794733	56.8380539	25.15810457	50.08903066
ACTR1A	180.1856313	74.57186593	70.49215773	134.9357471	155.1167378	142.8039485	80.24643143	108.210082	136.4511981	137.1835819	48.88498981	115.3711247
SLC2A13	17.32788901	1.718021047	2.457840826	17.12793157	12.52804172	13.44293149	2.970840126	15.63382494	14.91370473	11.36007745	5.511068303	10.45383375
NDUFA4	424.3688862	355.4930534	213.0180839	415.254145	474.3733094	440.5246314	317.160324	408.4176263	471.0977476	402.4267214	280.364086	382.0453286
PCGF6	13.57030826	4.434881155	4.703505147	9.997478191	13.40758059	13.26134403	5.627819535	10.949861	16.70794707	10.95344321	4.262872333	9.807003684
MCPH1	15.0705211	10.39916792	8.31813817	14.53879327	15.98739437	12.89592051	6.61626468	13.88959155	12.69663405	14.94882512	10.34954281	12.33734487
JRK	10.67265646	1.576780015	2.276734023	6.713451618	8.905676706	4.417711115	3.486067761	3.398200384	8.192842009	8.411926603	4.562696803	5.692249409
MSN	458.3850687	85.75401303	207.1246537	540.6647673	544.9552833	747.5891428	164.7847156	466.126106	528.0987308	510.7615844	127.8696765	398.3739766
PHF10	110.1909487	80.58771898	64.74429579	111.9890156	105.92236	125.1803948	47.50886523	93.96099482	122.6454162	87.61613271	53.62042185	91.26968769
ZCCHC14	20.30444655	6.466133339	5.534120686	15.20144878	17.88684861	16.6570218	5.692469427	18.02650607	18.27312837	17.26888114	11.46593837	13.88881301
DNAJC6	1.808308219	0.614525728	0.251718662	1.568475958	1.496782855	1.9345669	0.14577891	0.918871262	1.248329835	1.69889877	0.561823002	1.113461827
CCDC25	28.78299842	16.98585819	14.35181959	27.33689157	33.01208641	24.19381402	16.31654746	23.76781612	25.11441549	23.24452899	16.46532891	22.6883732
FOXA1	0	87.97073708	40.27729939	0.022772975	0.045706299	0.069956796	21.61664398	40.52591449	0.136118837	4.970411836	58.54580974	23.1073974
PLCB4	56.40935241	1.910234201	2.369148456	33.22912828	33.04564096	32.96672595	2.644192749	12.60283292	19.72911633	35.43330423	3.9549674	21.29951308
OSBPL8	21.83265514	5.639283748	9.926546912	21.67485004	19.7018589	18.70677621	10.65962845	23.56556374	20.61251475	20.53734796	15.76484357	17.14744268
ANO5	7.603145777	0.307510698	0.196543009	10.12873233	8.398696953	8.041523304	0.789270567	1.993300582	5.758518766	5.102206005	0.665540324	4.453180756
SIRT1	26.74507385	13.26192577	10.9609181	25.1814631	18.32848992	27.58245144	5.939995049	22.12274286	15.78507017	22.67610299	11.5207397	18.19136118
KLHDC5	68.77716569	3.682156273	3.668013893	50.56689705	74.55274475	39.05444775	7.091052128	18.89180476	67.64618544	31.19225654	6.806103991	33.81171166
SPAG8	2.726858564	0.72852581	0.207485863	1.402629407	2.593945675	1.501913283	0.493523238	0.752371715	1.437224426	2.207784874	0.67343837	1.338700111
SLC25A4	208.6781273	36.19005498	21.2830247	177.7585895	209.407769	177.6296472	44.05329027	42.34845042	172.3490363	118.9022208	33.92114459	112.9564868
WDR17	1.808628631	0.306255405	0.348105714	1.882589219	1.65905854	2.411120535	0.495516862	1.155815114	1.036319012	1.119999977	0.818129276	1.185594389
SGTB	7.922978904	1.332235306	1.761898567	6.843895215	7.5509939	4.431927939	2.005552929	4.841716667	5.860056591	5.453167082	3.171279534	4.652336603
PTP4A1	98.89816887	58.46183569	57.04618302	74.46539351	88.91284103	71.77057777	28.56680929	90.76756469	67.36427486	61.05790618	44.21678093	67.4116669
SPIRE1	24.74249611	4.885149372	2.585541444	24.27467097	23.94106098	21.46332668	2.719792215	12.54794171	16.60986729	18.36419072	4.811921463	14.26781445
FYTTD1	65.74949993	16.99586732	32.73717464	64.48459245	63.80360983	66.70488449	33.30139632	45.84221188	62.37449328	49.05206969	51.15614151	50.20017649
SSBP2	43.84622019	10.78522215	15.20156591	35.47884345	33.80706056	46.77551698	18.81582371	27.87429823	39.01524372	39.61785056	22.30338242	30.32009344
SMAD5	25.20668619	12.71714891	8.411322126	23.89630835	21.2656699	24.01353454	12.30886287	24.36437516	24.79871444	26.43502334	16.75590792	20.01577761
MKX	14.51694355	0.084787516	0.250963426	22.11161009	13.57283367	11.85167147	1.350093179	2.885641886	7.082318211	8.989261575	0.586454286	7.571143532
FAM161B	10.95531637	0.7435437	1.025947349	5.071138434	10.07320981	4.25191582	2.262150613	4.372570293	8.405641991	7.232972237	3.048318215	5.222065894
LRCH2	17.16732527	1.196977858	0.98674179	22.78822583	15.96715567	11.97562849	1.189250567	5.956929681	12.56375395	8.089748095	1.011442793	8.99028909
IGSF21	9.530663826	1.157507586	0.743653616	11.09572196	4.558415178	7.287685358	2.036499225	2.761410112	10.73162614	10.13060403	0.513722844	5.50431908
EML1	66.00011009	1.003648631	4.000669309	58.17937045	80.77391161	53.46040009	5.49502091	20.3485331	68.67741678	32.53814254	3.062937075	35.77637823
CELF1	115.8320206	49.50461401	43.51401441	105.1288778	94.82813524	98.6752562	34.97266672	71.63702842	89.8939724	71.26981468	60.66566659	75.99291519
RGAG4	17.47133976	4.456149652	1.378920481	16.11231423	13.96562624	11.6095125	1.64049584	7.944566338	7.894883481	15.06745021	2.730567871	9.1156206
EPM2A	48.50987204	2.204914553	2.153386265	41.92936578	51.33295746	38.36498757	3.774117943	8.322961383	37.04595669	20.32350058	3.213604801	23.37960228
NEGR1	65.74146715	3.972894136	2.950510146	61.62419111	65.68300043	65.03865627	5.076812586	22.68026691	65.25057679	56.38343941	5.646105331	38.18617457
UBE2V2	63.57550418	38.47408434	38.80441835	65.77372461	63.69127952	72.13709737	41.06446693	56.91816446	63.42747603	50.82614028	48.1541339	54.80422636
JAM3	161.8934031	8.085341259	8.330898008	139.0927168	147.9590694	101.1315155	15.76000755	65.30019494	178.6073266	126.254648	14.89519899	87.93730183
DNAJC15	37.11592703	2.629642888	7.164467523	33.0351377	38.16615027	38.66676535	5.001960532	17.58829014	40.4101403	25.08432527	15.57943906	23.67656782
RIC3	3.636074625	0.993376701	0.382852315	2.957860255	3.35414908	1.957797984	0.41027073	1.213137993	2.808554418	2.63629238	0.797967741	1.922575838
ZNF470	5.431833934	1.230634084	1.24598895	3.861697838	5.985523558	2.439805358	1.079220169	3.13277021	3.34417865	3.747004766	2.769281988	3.115267228
SYT11	34.78119946	7.006704751	4.46529366	22.44612434	40.1878805	19.75889581	3.227907727	22.50351243	41.13760692	30.6987443	6.717879151	21.17561355
USP13	16.67939945	2.109985986	4.018398432	13.01810052	15.08296643	13.36895796	4.498316629	8.519302709	18.71221052	13.45074777	4.05626559	10.31951382
CAMTA1	18.31252702	8.078595503	5.764455092	14.93287535	16.82748699	14.43581783	6.016961023	11.67899858	12.95012202	11.67303729	6.464356498	11.55774847
FBXW11	29.95980399	12.61467333	15.80663144	30.08412739	29.11811345	26.64120711	13.57475814	25.83852402	29.1674284	27.1475601	17.52712586	23.40726848
CCDC149	20.39891282	11.00596365	4.360218377	20.38134552	20.70932782	13.4785834	7.096752214	14.63016319	17.6085642	16.13765387	11.48725678	14.29952199
CAPN7	20.45402345	7.446388629	7.71494897	18.18140375	16.97924343	19.18864048	8.589386467	13.89799035	13.97237795	16.22458675	14.09470045	14.24942642
TDRD3	17.92317629	7.993085037	7.247347943	14.69157792	15.09764563	16.18789499	10.47058042	14.63331128	14.18171313	15.2843529	13.37939865	13.37182583
ZDHHC17	70.80460878	15.7145899	17.1128642	70.29215199	70.56814229	74.67247528	18.49675507	53.56824859	52.74033129	69.11911418	30.98241045	49.46106291
ZNF84	10.78337986	3.211857429	2.206060302	6.831540472	8.54973224	5.51561751	2.708419797	6.955113508	7.606907904	8.203609797	3.780019371	6.032023471
ASL	12.98303411	32.19826696	33.01456778	14.79603854	11.71471057	12.98532503	26.19462785	20.06112934	12.87652671	23.75581722	54.4123385	23.18112569
MPZL2	9.56031867	242.0340139	376.1042885	18.25191981	3.555887733	40.08085308	343.6356415	183.9149782	10.48519841	92.87034205	350.9030987	151.94514
CUL5	20.57672699	5.229787206	8.265462289	19.18241073	17.95094736	16.21471166	8.394189768	15.65951207	14.91883208	14.53495441	12.38133038	13.93716954
WDR35	7.296027084	2.081547197	1.626569785	7.308681233	7.622928973	6.673013851	1.199819204	6.639593951	6.197718303	7.932766904	2.613831079	5.19931796
ITSN2	34.10338019	14.9232698	24.63465839	31.37425988	28.6565662	33.19347599	22.55450579	26.70303638	24.75384852	29.42081686	23.14456658	26.6783986
PCDH9	2.162865703	0.219604299	0.289587339	2.749153635	3.629447205	2.916588317	0.16796397	0.553225659	1.928963304	2.629135902	1.3458175	1.690213894
C17orf39	32.89529814	2.839705596	5.228146112	20.86875249	24.18541411	14.69392928	9.126233324	7.780697029	20.05220138	13.52300799	4.274329904	14.13342867
PRKAA2	10.79624499	0.791893134	0.623963518	13.32542849	10.60069988	8.372471869	0.891509885	1.758604101	8.208866824	5.264065674	1.119454113	5.613927497
TPO	2.445048328	0	0.097543382	1.331370092	1.953668597	1.677101704	0.122113393	0.353705454	0.83654236	3.922519791	0.382198495	1.192891963
KIAA1737	51.07670524	9.087186058	9.410694612	34.64751408	60.98471054	23.62525877	15.49969374	15.03023411	42.04758473	24.39834137	12.5823415	27.1263877
METAP2	53.60541144	27.82112481	35.58234474	46.64672278	46.85112554	63.59103409	25.54346121	49.86612054	50.37856075	48.33212169	31.76487875	43.63480967
IFT74	16.91394582	8.336285994	7.140803445	16.04310218	13.4136542	10.87785706	9.221242592	12.40114703	14.07990202	11.3261035	6.743665642	11.49979177
EPHA7	33.52734697	1.397702659	0.705815176	29.86271248	23.25917003	19.64297749	2.376600128	13.17835117	24.67567856	23.50904994	2.558047801	15.88122294
PCM1	88.24376387	41.19383825	30.97902581	78.52314092	84.26247298	81.14937665	25.87794496	55.64033293	83.49443412	70.32718662	30.69497648	60.94422669
COX11	79.70539636	30.58009325	25.47335025	60.47284981	70.46883964	92.48774781	30.34959512	54.4011722	60.24747961	72.30789674	62.48490239	58.08902938
MTR	17.84839216	5.136188418	3.029137913	18.77619426	15.58597676	15.54428575	3.203630952	11.05280357	13.75379333	11.90803547	5.254680364	11.00846536
INPP4A	22.8767099	7.648788056	2.570432437	17.28838515	20.96151099	16.3282053	5.522212425	13.39234519	19.25117172	13.79042418	9.606718573	13.56699127
KCTD15	42.38990029	6.266167735	10.71728453	33.6001877	46.43371766	26.63174818	19.45904233	17.87822538	43.70725274	26.18909729	11.15038904	25.85663753
NOVA1	8.400838384	2.644479	0.851162382	7.232285294	7.364347779	5.355288316	0.734416749	8.156209721	7.94431787	7.666212515	1.736834663	5.280581152
DDX51	11.61561372	8.299827768	6.094076125	10.65456599	10.72118971	9.910347397	7.206679898	9.379804149	8.633306218	11.71740628	7.441344942	9.243105654
HIF1AN	31.12707455	7.985325461	7.889621484	23.0352726	30.73720498	17.30360773	10.53875247	12.59672737	30.16501312	20.12757409	11.18063985	18.42607397
DDHD1	3.371587641	2.465145882	1.153081061	3.634544701	3.126291653	3.147476954	1.182189356	4.72973368	3.455901495	3.853170491	2.477881652	2.963364051
GAL3ST1	0.553684532	0.423411934	0.205212373	0.792720194	0.974500975	0.803607523	0.385354375	0.601026247	0.524592443	0.806677839	0.324028843	0.581347025
PARP1	106.148464	47.32450889	40.98105085	127.0822207	129.4430802	114.8926441	45.3653118	106.5982401	125.3380516	108.0829488	92.91487248	94.92467214
SFT2D1	36.3699518	85.83498235	53.17367825	41.21813332	28.23281849	34.43248177	48.58539376	78.28286036	34.09064937	43.32294117	72.48620116	50.54819016
KIAA0368	75.40950968	38.24525307	28.69595107	66.85545801	64.91665211	64.65093927	32.59454963	46.68979911	61.17162791	57.28638524	30.56528251	51.55285524
SCAMP2	76.44764204	139.5582165	158.4546859	66.26863105	77.87449831	46.51390666	222.6839381	139.6602944	73.12367284	89.30411151	277.1411124	124.2755191
MTERFD3	18.35489952	4.977601995	2.340663258	14.96890857	13.63829449	15.36355603	4.567951587	9.631118172	13.62724234	16.21417741	8.650197098	11.12132822
ZNF532	35.39921715	5.084083624	7.560681647	31.40074254	35.94771917	30.76687662	10.72663669	23.06935588	38.11405539	29.1494066	11.51458592	23.52121466
STXBP1	24.40924301	4.420826768	7.008679438	22.64029541	19.07140544	23.28738591	5.880017349	18.80851638	19.30975722	26.89652167	6.002842023	16.15777187
EXOC5	22.86646317	4.39070776	8.228139051	22.83866914	23.52285565	23.62090082	8.45203867	18.95317842	26.93882841	15.46226725	11.59028967	16.98766709
EGLN1	36.09424958	6.435310346	11.62887876	31.81247477	29.9601984	29.10556888	15.55333412	24.44236277	28.60746698	28.35046813	17.89813166	23.62622222
LONRF2	9.826469496	0.321796512	0.19819463	12.55267838	9.850361188	13.54144964	0.881901096	1.782746175	8.712585983	7.204574991	0.267035354	5.921799404
C10orf84	33.9561513	16.1708519	13.20903178	30.90993257	36.33514389	33.07116523	14.5203726	25.11163795	27.90148039	29.25506693	12.12411971	24.7786322
LIN52	9.173688134	2.988357844	2.793894025	9.30981624	10.34897515	6.359903069	3.726691699	8.605174081	10.39005142	8.68020206	4.638188152	7.001358352
SYNJ2BP	27.35486621	10.47495051	5.507989154	25.746307	27.93130286	24.17420997	7.985734312	14.74715426	28.17345642	17.3036415	14.04174375	18.49466872
KCNK3	16.15485677	0.939010722	1.30663153	12.6296588	25.72101234	14.07176926	6.170281097	7.017476784	21.18503007	18.55145056	0.608131054	11.30502809
RERG	84.66352615	1.061951524	6.321879932	43.62801131	35.4437733	48.58230284	9.037318694	18.6534479	33.16245029	51.51786798	5.739818005	30.71021345
IQSEC1	26.8888756	9.358502615	8.485461864	23.89348186	22.98217497	14.39835389	6.611166157	21.91734079	21.17909322	24.28327933	16.76552699	17.88756884
ANKRD52	23.52505901	8.129246466	9.273412832	29.92043137	24.43294738	22.26924321	11.32798083	23.49867189	30.8674186	19.38758335	20.90139452	20.32121722
MPDZ	57.9702545	4.156430445	4.061513515	59.02392234	48.90911012	53.70823382	4.358086153	20.2129555	41.37857381	42.68159994	2.109006128	30.77906239
TBC1D12	5.257839185	1.178503205	1.688867795	5.648700178	5.698579178	4.823161571	1.983653379	4.747813134	7.635697465	5.638040427	3.132880016	4.312157776
IPO5	253.4220235	87.68029173	73.62922496	208.2735598	244.2915806	282.7851311	60.72802652	135.089675	240.8275415	201.2088435	179.5103014	178.8587454
TMEM35	73.37332949	2.716912832	1.8155013	35.99533014	55.96025171	32.09116141	4.452561068	9.682853068	60.9514179	39.19282964	2.858112512	29.00820555
BNC2	50.6458058	1.580887075	2.286468164	45.80724524	46.44947948	52.07569329	4.294712716	25.34156698	65.62347689	52.4466584	4.255571271	31.89159685
HSPA2	133.5195806	15.72396879	18.60888833	155.775798	174.6675119	130.6671978	18.68535347	26.16196398	112.0554067	71.24194017	10.01553209	78.82937652
NUBPL	10.20813199	6.339961106	4.541828288	10.60500916	11.48345188	10.64230571	3.629249761	9.717056363	9.095240114	8.668027018	7.571064166	8.409211414
RGN	15.69158038	0.386051435	1.082218424	11.81992197	11.4841966	13.17132728	1.31394476	4.084478629	12.67542602	8.191939299	1.923079836	7.438560421
NAV1	24.31782241	7.434771215	12.45264763	21.37149165	28.36616993	33.29707202	14.34608397	32.79011514	26.4845976	28.9888176	15.62869264	22.31620744
SMAD3	24.32730565	37.14913564	43.00910891	20.16915494	20.63164245	18.02936717	35.40661081	42.75776428	26.08682874	30.10320183	38.00565883	30.51597993
ANK2	32.781601	1.998758259	3.063440577	26.2426845	21.57971119	30.35441172	1.858391491	14.76093966	31.31526131	21.66268004	5.069881553	17.33525103
SOBP	42.43871076	2.614845011	1.154312414	34.58149041	44.64849232	29.8736216	3.041924158	12.55553312	30.97316207	18.417295	3.232983487	20.32112458
PARK2	11.13350328	2.792330491	1.750981024	8.210635176	12.6986977	7.691782335	2.587815815	3.547735459	7.339843853	7.206056887	2.542920722	6.136572977
PRSS23	365.1468296	46.85015913	31.71463948	305.4053641	510.2732982	301.9354187	30.31337653	253.7885366	498.1697508	355.0792278	104.8699712	254.8678702
TTLL7	19.20585686	1.328337744	3.004589919	23.77987734	16.63736197	19.74249116	6.078473816	4.845700525	18.65547001	8.202122409	3.069253456	11.32268502
CAPRIN2	8.000682159	3.590947452	1.717445037	7.360983649	9.122660873	6.816059066	1.986235666	7.111653873	8.0523876	8.774311677	4.871255945	6.127693
ZNF407	8.031417025	2.336832144	2.830511438	8.150919525	8.125525133	8.17829825	2.697816425	4.510420219	9.327681706	7.351068863	3.731846996	5.933848884
MECP2	38.85291224	11.11245314	9.565339098	33.18221094	35.62570065	30.97131801	10.00967645	18.80096879	31.87681611	34.20586347	14.47358593	24.42516771
TYW3	24.9677788	7.334386097	6.978466615	25.32859931	25.76262369	22.49565329	6.393799811	16.06328506	20.54033243	18.78989126	12.70625102	17.03282431
APC	9.95688567	1.678580943	4.296115498	11.18464628	9.55588825	7.382636801	3.994476825	7.357846477	10.4596006	6.992826189	6.325525319	7.198638986
GBAS	98.43999378	38.1914913	20.81383172	87.25621371	88.48133361	110.8981434	26.02835507	49.16136581	100.7260411	81.01058274	45.42923272	67.85787136
DCLK1	8.137238982	0.483206219	2.225428336	10.30348846	8.235684146	9.362948777	1.027909887	8.588580958	14.53043254	10.78841434	1.380891603	6.824020387
FAM103A1	26.80734954	33.23626595	40.09430455	18.534253	24.93124949	16.87883192	35.63757272	36.67153905	26.07227207	25.42156972	48.71552319	30.27279375
ZNF445	7.082951323	2.061925166	1.771871578	6.425839495	6.81831529	4.90049933	2.2715856	4.669528009	8.173589511	6.427976294	3.69803682	4.936556219
DSEL	4.08113982	1.095013726	0.831167442	3.15466935	2.60842065	3.735317583	0.475180435	6.109204636	3.670682955	4.466859882	2.034795929	2.932950219
ZNF333	24.18154691	4.819014366	5.926043748	21.72065615	20.91562324	16.33215391	6.625110342	15.66479109	18.97883986	19.93239122	12.5366868	15.23935069
ACCN2	3.824732848	0.899824701	1.024128939	5.071044777	3.573055758	6.290064177	1.445270479	4.557636352	6.149662209	4.997533621	1.72734842	3.596391117
PPP1R16A	6.913740939	15.94502296	9.826166832	6.131637272	9.434943392	5.262892552	15.45543027	9.917648015	7.504539717	6.08181575	20.73146472	10.29139113
ZSCAN23	1.999222351	0.086511739	0.142259431	1.230964314	1.53125478	1.533578284	0.282574038	1.398090853	1.182492486	1.187846611	0.384361078	0.996286906
FAM110B	8.104260463	1.674954594	0.948483052	7.12778501	7.326568878	10.17946349	0.678199001	8.140607236	9.828135251	11.01492377	1.715097722	6.067134406
LAMB3	0.479751308	368.8384741	147.4962003	0.8027096	1.22102234	1.07632669	42.88754486	74.69764639	1.832605442	31.74866147	81.02257425	68.37304698
TNPO2	38.40479298	15.54656933	14.49326984	36.95886573	35.95549661	36.9967496	21.11100237	31.99595895	41.6535028	41.89227958	24.8816606	30.8991044
STRN3	35.49834296	8.160001472	10.15148429	40.01845094	32.4843649	39.32317772	11.06680464	21.83439691	36.00657549	24.03207377	13.12573204	24.70012774
C10orf4	23.94304491	9.896349087	8.069296186	17.26429085	16.94067906	17.54930861	10.68453302	14.74800967	15.86315482	21.98553675	8.356663438	15.02735149
PIK3C2A	78.40872932	11.94196686	23.35896005	72.45435836	67.45052945	92.53739081	22.05305261	68.05655684	64.1250144	62.3263646	34.24077257	54.26851781
JUP	24.8104508	1984.296812	1176.893879	11.7653392	19.54838036	11.37000171	1111.102825	491.7863462	22.04995435	139.3754715	1744.381277	612.489158
ATG2B	7.598250016	2.570556841	3.986938345	7.201697628	6.276287197	8.19358159	3.154690981	6.092224464	6.289556438	6.533874709	4.357806949	5.659587742
C17orf108	11.35589112	7.380037781	2.733528373	11.26029123	15.65940886	11.56122745	5.141112101	8.302478295	11.07295549	13.63589954	5.369334544	9.406560435
RUNX1T1	8.534597846	0.173245974	0.230557875	6.814839714	8.424491336	5.203945424	0.627029548	3.54704587	8.655227437	7.241854958	0.756692316	4.564502572
TAOK1	14.50471505	1.609035669	3.287677846	12.8634485	12.12616138	14.19394532	3.090463811	10.26981262	12.02398045	9.501854912	6.429151486	9.081840642
DNAJC25	8.25536854	6.542888403	4.820285305	7.388494422	7.472318828	10.84848725	6.319844071	8.111803174	7.514155857	7.055149302	6.017937184	7.304248394
WDR60	12.93098666	4.861259049	5.044496619	14.73797393	14.34388842	15.28261157	4.649861444	8.402244053	8.782089874	11.5396975	6.232245961	9.709759553
DCHS1	29.61480229	2.953483672	2.70021859	24.92290852	31.38270926	32.95968942	3.202628323	19.45388841	48.26281288	29.94268609	3.995050658	20.85371619
ASXL3	1.636609206	0.212916943	0.029773937	2.048536322	1.95251201	1.844830757	0.084072759	0.665318544	1.077029759	1.315238203	0.186890513	1.00488445
QKI	45.09678332	8.007544133	13.76956492	42.89563826	33.62763751	40.26804556	14.15735323	40.96320886	43.16891338	37.55845797	17.41242636	30.62959759
DCLK2	6.960932637	1.073681686	0.657276399	16.80878667	17.99692082	10.8497969	1.060058473	3.734015807	12.24589676	8.485693768	2.541836161	7.49226328
TEAD1	136.1166759	7.74560457	13.78022128	100.1670862	98.6510614	106.9333768	12.79301501	37.22360724	105.8610779	69.75963356	11.93344717	63.72407337
MAP1B	230.428318	11.89878398	8.298687805	231.5475969	274.2048051	203.5091869	18.21515297	51.83545911	248.4125871	125.342339	7.914962005	128.327989
AMOTL1	104.9093047	5.454496441	12.85091732	115.7623496	114.2222665	89.83181771	19.8249972	24.82213961	106.6441381	62.79200358	6.640660805	60.34137195
ZNF605	5.953929712	1.89844416	1.382358368	5.222985361	5.298036586	3.693438407	2.609430388	3.730631794	5.269842576	4.723517546	2.918371504	3.881907855
FNDC5	6.997623089	0.768759075	0.704308361	8.87363841	18.01977755	8.914932916	0.746066724	9.052049299	14.95759374	10.83937982	1.216653975	7.37188936
TTC37	52.24806723	7.082234002	16.19882527	45.8537297	49.98116968	44.47288438	19.15690305	38.2194998	44.03106778	35.59419882	22.88115064	34.15633912
NAA25	9.352724145	3.559436585	9.83382555	11.60037391	9.665155354	13.13543604	8.692216426	13.28409653	8.325695875	9.066121321	7.241136236	9.432383452
SGCB	88.5869112	10.25954112	7.867606425	77.83352236	77.40661564	75.57316011	10.42305264	39.65935564	92.12767806	51.79190594	11.48721763	49.36514243
C9orf25	20.22588132	6.241907229	5.685849757	19.54279698	21.33443258	17.31383931	6.69502693	14.17340996	17.40402458	17.61074836	7.286047387	13.95581495
GLIS3	16.11686993	5.013939133	2.368493435	14.70733327	8.492274989	17.44698679	3.760159486	15.57747974	11.37679007	11.60399458	3.843430396	10.02797744
LDOC1L	29.24713085	6.465574521	6.307977068	27.6391333	32.1477359	17.94437434	5.690032618	17.85852048	28.63646185	21.47776434	11.21808427	18.60298087
GNAZ	23.11512046	2.544175382	1.454089879	18.59408176	32.60340777	15.65523354	2.700443978	6.894004009	35.27568939	16.27983263	1.403455159	14.22904854
ATN1	168.278395	49.51068604	40.78965055	152.2438407	133.8128503	189.7099651	60.92001929	91.64600637	136.2647807	137.1343649	60.46073501	110.9792085
TRIM29	1.564859579	456.3910674	1246.210027	0.80022596	2.681861211	0.661712612	875.3498371	174.536068	2.488252672	45.93440229	401.698267	291.6651437
ZAK	507.0752806	13.05717176	19.68504675	497.4919935	424.8931487	564.7800455	44.10848966	117.5579182	386.7060698	289.3305124	21.76400456	262.4045165
KIAA1586	5.266521173	2.505820164	1.774211032	5.723395428	4.500718987	9.697089068	2.314634161	6.433528431	5.318350593	5.063027095	3.467701953	4.733181644
CAND2	12.55205868	0.99283389	0.80146339	11.65935694	14.64694167	7.992127612	1.782281411	5.109712906	13.0333742	11.36066678	1.96150733	7.444756801
RALGPS1	11.51323872	8.810547064	6.614093956	11.84869887	11.97053677	9.987451032	8.073102555	9.777927802	14.12625093	11.41965918	11.08907908	10.47550781
LRPPRC	91.03373521	48.58215671	48.52205108	87.36377443	87.16863952	94.56719021	45.29374448	95.55120781	81.3229488	90.005905	59.62204707	75.36667276
PARVB	45.95519578	6.139513082	13.32490984	40.92864207	44.72777263	32.87890701	12.84393058	36.8195157	34.05232185	43.62701304	12.41114547	29.42807882
CAMK1	45.21333468	12.53321565	8.492334809	42.26615166	43.32185	43.41231065	11.74501933	30.23501877	46.57734567	53.09617796	13.74460578	31.87612409
TNKS	60.82545342	24.34924279	15.86110889	51.06025829	51.18677239	49.39034834	19.1554246	51.76033089	52.11726138	53.96820337	27.99369613	41.60619095
STXBP6	30.80274977	1.815157481	0.75768889	29.7079949	32.032172	18.3951682	2.278655775	16.02137494	21.2719277	16.86221278	3.986440211	15.81195842
ARHGEF10	24.70216808	6.759588969	6.103455113	32.11830897	32.99361144	24.56845599	5.316941303	23.27811607	31.4372989	28.73161031	6.712113726	20.24742444
BCAP29	20.88531025	10.89239486	13.43843373	23.78487836	20.33754464	24.1974988	15.10408664	20.63998985	27.62787571	20.07679205	16.7839463	19.43352284
ACCN3	0.349521138	0.151685614	0.243195219	0.725058919	0.609163133	0.766613905	0.251369041	0.450495841	0.374350654	0.461510572	0.283352994	0.424210639
MED13L	36.9868183	5.196103672	12.91130446	33.74293625	27.39388247	32.86135101	8.835938075	17.40661526	24.08962695	25.33812376	11.81180502	21.5067732
PCGF5	27.89207511	6.170672457	8.238270213	31.87835871	30.22260931	25.5808993	9.547590953	17.84529756	23.21307455	21.54102923	11.45104948	19.4164479
TAF1	57.36064714	21.85898135	22.28233348	61.07226439	47.02255644	56.63699611	18.40537808	58.23429004	43.81900251	56.80585155	39.02591943	43.86583823
KDM3B	46.25264757	17.1850469	14.9173738	37.67966582	38.35226085	31.04670477	18.99040749	31.30863194	35.83107174	40.8877139	23.31852069	30.52454959
TMC6	4.268676749	30.499103	22.08416244	7.745311353	3.091695008	4.923704147	26.49116803	32.82864425	5.113877724	16.73127891	62.63225041	19.67362473
C14orf118	10.05809833	3.831581815	5.378997128	12.58760021	10.49021914	15.50622291	3.154235322	8.22545991	12.32698522	7.717785028	4.006802069	8.480362461
MLL	161.4421996	36.7850553	34.12772728	121.2883564	133.3583383	126.3986755	31.36908531	87.5929726	113.709343	122.0319588	69.25465331	94.30530594
MTMR12	29.0719361	5.758341982	7.90740435	28.97445959	28.05370961	22.16356648	9.811150031	16.41247024	28.11679946	21.817525	12.46354413	19.14099154
PHF21A	20.8283634	6.596709694	4.067629543	14.72828227	18.38527526	12.91475605	6.539340583	9.562622902	15.31376527	14.97503427	8.481392354	12.03574287
ZNF542	12.3399929	3.084514857	2.727966178	11.77868768	12.96436195	8.865088394	1.882899742	11.16119762	13.03771822	10.65985832	6.002495638	8.591343772
API5	59.02209859	27.33341369	34.43107589	49.18561211	58.50740129	51.13991142	34.97591404	57.22218158	56.79880872	55.96624394	45.81390647	48.21786979
RHOD	9.318114615	24.94363306	170.9681255	5.617835691	9.266077524	7.233484139	59.905985	28.17984354	8.726451789	9.562869471	25.81326468	32.68506227
MTMR9	7.904371301	2.9246561	3.870264192	8.210230083	6.910091963	8.074192725	3.601695126	7.008451748	8.58433821	7.071599966	3.480693873	6.149144117
GPR135	3.242921895	0.159020207	0.22081543	3.126895138	3.910553107	1.879282033	0.53977805	0.896337465	3.944645459	2.073147927	0.27832107	1.842883435
BVES	37.04438392	1.831403407	0.946157388	26.35208782	36.28262537	25.41325276	3.033432397	7.425665328	43.63401961	16.34798155	2.074561274	18.21687008
HS1BP3	78.18254702	21.46772791	9.948580358	54.98885798	77.34541503	30.9289481	15.28958362	31.58119735	65.57790114	53.96863694	27.4705816	42.4318161
GNA11	63.513726	11.66834152	18.34274596	54.57878543	59.3191617	61.6873231	16.71545593	40.10155577	73.6399534	45.47115605	36.06611562	43.73675641
ZNF660	1.207924101	0.110989614	0.1498509	1.013010126	1.032216107	0.855370164	0.181824351	0.753979346	1.250917555	1.46560666	0.453003588	0.770426592
PLD6	8.76211107	1.556808897	1.325769518	9.304613505	7.78890405	3.302612675	2.36871949	4.289218274	6.538352177	7.677995692	2.002298419	4.992491252
ZNF292	57.70821677	13.37090319	13.17756595	58.62165842	54.2538501	48.56549311	22.24779265	47.99623886	54.33762353	57.63574075	32.96093395	41.89781975
C5orf24	30.869401	6.900716947	10.71761317	26.94546776	24.56098775	25.04289298	12.82908944	29.00011268	34.94709337	26.99357308	16.28001163	22.28063271
KIAA1377	9.792079212	0.849066327	0.593076113	5.457613223	8.464187138	5.860435036	1.175878784	3.267735091	4.394866853	4.962655061	2.016646767	4.257658146
TMEM56	16.40381257	3.87012509	0.775756963	17.59778916	13.7226678	10.76418567	1.62577827	5.172815918	15.25464613	10.38491293	3.478295217	9.004616884
REEP2	24.29956863	4.526780225	1.524780969	21.67052494	31.2600312	18.74934685	3.345757003	9.259754536	38.76868197	22.84098058	1.621929919	16.16983062
GPAM	9.162443064	0.850627148	0.653865252	9.36868435	9.320525065	6.118067014	1.855250108	4.670832548	5.969929671	7.974650214	2.443321487	5.308017811
AFF3	55.38955661	2.849441085	4.331794299	57.48089288	53.03478914	31.09639858	4.561000216	26.58221112	44.14274233	26.7999962	5.34003225	28.3280777
IARS	52.88245021	19.16809212	31.2091246	52.97607851	59.32216682	51.75231755	27.41598213	58.66431581	51.39128279	46.58010823	33.21668531	44.05260037
FAM168B	122.7739064	23.94562654	20.17886149	107.455387	128.6839947	107.5566444	22.88579826	44.82507294	119.1220175	91.44838292	34.4715972	74.84975358
PKM2	602.9862099	1100.764454	972.0941752	478.7477533	567.0404453	439.0513533	997.2013931	1009.336778	733.9120069	698.9532755	1113.900918	792.1807966
TUB	14.50979449	1.514387412	1.187499554	7.952511225	12.58786974	9.774075912	1.06047028	4.347939974	8.772111894	14.22408062	1.986624772	7.083396897
PPP1CB	423.598696	70.31478815	139.2076012	388.6341245	474.4882172	365.1209385	153.0828023	184.1278976	412.2039501	287.4747329	101.590955	272.7131549
DSCAML1	2.581485251	0.065977651	0.050301432	1.976254215	1.397080306	3.283692236	0.093346378	1.224802132	0.655869587	1.875445829	0.35975123	1.233091477
LPHN1	10.96925063	4.05774445	3.376657009	12.9401746	12.0124588	14.6550685	3.168577093	9.917948212	19.18172049	11.83462737	7.478292667	9.962956346
XK	5.355499843	1.171887367	0.896513021	5.726277959	4.682533431	4.505536645	1.168602858	2.008898554	4.191904576	4.407290965	1.128614512	3.203959975
SEC63	50.95587865	22.53587486	17.87999971	42.01338354	44.64136944	46.48561545	26.32518388	41.04814242	37.29744711	41.73955638	27.53513208	36.22341668
PPP2R5E	27.22752116	8.283429476	13.83107511	32.46725012	29.68975951	27.40295625	14.23083467	24.6138658	28.09113972	23.00855973	18.40656591	22.47754159
WRN	17.0413905	6.478017794	7.315141826	15.64000209	14.29882513	20.28904088	6.725505338	16.52235812	13.03989048	12.90547495	8.641164297	12.62698285
DNAJC18	11.04757968	2.665725339	2.067552789	9.225745531	9.734022579	11.16233789	1.927082025	7.902755989	10.10442995	10.21796193	4.768799881	7.34763578
THUMPD1	41.65393704	15.43972534	12.2235749	29.38153578	32.05536967	28.07184207	17.80292125	28.9420665	33.79969665	33.75505094	19.65713158	26.61662288
ZNF516	10.44154764	2.770092735	3.104974866	8.982621714	8.089168321	11.07188877	2.383171015	6.573141406	9.95106139	7.358939982	4.281862623	6.818951861
FOXP2	30.29579378	0.482531499	1.724587435	21.91125891	29.18603959	28.46806278	3.28653074	8.660167237	32.0914652	16.45590253	2.810046001	15.94294415
BAIAP2	38.50216811	110.7306885	118.2078529	15.58298853	29.09266737	27.91683529	67.18341377	22.15434355	14.4463725	27.44231028	18.29258409	44.50474772
MLXIP	146.8616912	12.66026272	11.39062251	144.5729406	171.9212872	199.6934258	18.36940179	46.42190265	168.1811437	101.410494	22.8334361	94.93787349
LRRC58	17.94223542	3.26584412	6.558536846	14.81834244	16.94870196	17.80527321	8.740667848	16.66526061	18.09180839	15.77344146	11.84317056	13.49575299
SLMO1	2.053991002	0.378842256	0.300489546	3.131244769	3.559911718	2.987147161	0.796399044	1.47394532	1.878379387	1.947153404	0.432038456	1.721776551
XPO7	29.81032987	15.33320755	17.15308649	26.24372168	28.38763314	22.37040954	22.11301117	31.15260467	29.17420621	29.72661831	21.12684063	24.78106084
CNNM1	4.474658791	0.634383004	0.658732777	4.260785728	4.18076853	2.671084711	0.751782789	2.294646027	3.26935351	3.546722991	0.846620909	2.508139979
UBXN7	8.864625642	1.459112058	2.354694599	7.377018924	6.575278492	6.933462398	1.743706942	6.022550322	7.964430634	6.556676872	4.281704143	5.466660093
TNIK	5.86718901	2.24329554	3.559376284	10.57742602	6.772057754	10.04807365	1.329996493	7.351093143	5.809218391	4.860236078	2.851323292	5.569935059
LOC100128239	1.064235913	0.313751917	0.132668211	1.82360126	2.52002936	2.393843085	0.232520048	1.01457025	1.927291492	1.846268763	0.312283561	1.234642169
DCUN1D2	8.886511828	3.036210498	3.951069639	8.946482408	10.27995562	6.801987099	4.870039278	5.531375176	7.456250493	8.18675635	5.871985585	6.710783998
ACAT1	98.15767307	15.06836704	39.16042218	88.86137013	93.33043128	99.08387741	31.4772302	47.57228823	90.07815796	86.01951096	20.88732039	64.51787717
SUPT16H	175.5172275	74.45462981	73.98568571	150.1072781	159.8280377	151.5192875	64.53409793	195.5524471	190.4887499	172.1189659	126.7454376	139.5319859
RERE	116.8612673	27.70528985	14.19830585	91.88309919	101.9668026	86.01725284	26.78385443	47.7354505	95.53178769	80.93521544	40.32094078	66.35811514
KLHDC10	12.06610528	1.848065809	5.661432088	9.476866862	9.958603711	9.23049936	4.470954607	8.891988258	9.243417322	9.808487054	6.069935833	7.884214199
CASP8AP2	8.286806141	1.139234399	1.767383487	6.902561522	7.656005667	5.069709492	2.769261206	5.978071028	6.846486198	6.223133258	3.627625764	5.115116197
GJC1	28.20190429	1.771930526	2.075944943	28.62502247	26.71715878	15.27097176	2.676316407	8.236621925	36.75982079	12.77184812	2.553564997	15.06010046
FYN	111.0788719	18.08135693	19.76470495	110.2214335	141.5847827	108.6643618	21.81146666	66.9481774	131.9671416	107.9966475	33.70684116	79.25688964
SHPRH	7.53423289	1.578382566	2.537617124	8.228684045	6.220950343	8.154517269	3.243928312	6.759242662	5.741342991	6.792260705	4.104072427	5.535930121
CRTC1	7.619680128	2.769510597	2.382131388	7.466048793	7.647347114	8.680546278	2.913507732	4.718116504	8.516337154	7.834193624	6.463713501	6.091921165
UBR7	25.05370919	15.88191518	15.59147438	19.82082097	23.1413927	21.04799836	14.40455736	25.62588583	29.35153997	26.4914714	20.40966288	21.52912984
RASA3	30.12474493	4.844896906	5.790988096	35.27004725	27.776694	28.39003695	4.370383932	21.50251726	23.54355989	23.27331474	8.383269458	19.38822304
ADAL	7.328068145	3.658212677	2.262151403	6.129399162	6.475370306	7.536705921	4.045328669	5.404452368	7.622471925	5.008354706	5.330454218	5.527360864
CPSF7	43.81608333	36.06578288	31.06681779	44.25256705	45.79161848	39.93231402	39.26089139	45.54956219	38.84926383	52.53987834	28.52369942	40.51349807
NAA30	24.34002484	3.988685298	7.784991133	17.61825984	19.50510711	15.04811498	7.895540796	14.49704608	18.43464731	14.94283281	6.341555302	13.67243686
HNRNPUL2	132.3749632	68.9095612	64.76605814	98.26845733	126.2620241	90.17472818	61.98920914	105.988334	115.2797781	107.7313033	62.9662008	94.06460158
ARHGAP33	4.13013764	2.822288625	2.31306431	6.086243173	4.56264679	5.542429466	3.82009333	3.786774901	6.48079892	5.756988472	3.064664114	4.396920885
LYPLA2	22.25722458	134.6787633	76.07571225	24.36637371	22.83856243	16.28750345	75.10452767	97.14147881	23.2528744	45.05097908	113.3899768	59.13127059
TXLNA	33.17696184	16.01256343	14.86743383	31.87444723	38.28600523	36.29526737	24.17217645	31.30053867	40.09322333	34.27857738	28.25928955	29.87422585
ARNT2	14.84018492	2.056672833	0.913233424	16.27480219	17.97705783	10.32378141	2.169741485	5.960384167	16.26448589	13.5206948	2.895718186	9.381523375
TAF5L	19.62325289	10.26192877	12.4459366	21.44226235	20.52023908	17.31301603	9.504579912	17.73195366	19.06104048	15.97826726	14.04235078	16.17498435
UCK1	31.83732707	10.95815364	10.23082403	21.09308643	34.85534778	20.69936786	18.82441749	21.20283478	30.47929126	26.670306	13.38712166	21.83982527
ID1	24.6597244	2181.128864	411.3039383	22.91989622	30.08959652	17.18349934	343.4395121	285.9600877	25.47127655	221.2518601	1956.68186	501.826374
TCOF1	32.8282149	15.92083616	13.23922269	25.33188905	32.48757811	19.70254923	17.37650839	26.90150946	27.60736009	22.0779351	17.98444097	22.8598222
STK33	6.831188308	1.016192325	0.414693192	4.840259139	7.122139981	5.831281896	0.717609117	3.577040674	8.593317809	4.990730999	1.347354133	4.116527961
FNIP1	21.61694052	4.401831724	5.077527491	15.75938743	16.16276713	15.24677072	4.690632599	12.80325218	16.59581894	14.7499238	8.246527239	12.30467089
PACRGL	11.25704875	6.341353668	6.309188916	12.51092376	11.08750507	13.05210256	6.542506516	13.9467623	9.833137865	9.735125857	6.789029843	9.764062282
VLDLR	31.9549222	2.028590634	7.695788429	46.39781852	39.44683728	51.78786539	12.90016421	9.724135901	49.34409354	34.94347858	1.811413792	26.18500986
DLGAP4	86.63751598	36.94149613	26.52364898	62.8138683	99.65659522	62.77965936	24.982038	51.35996303	84.0147496	62.34634359	45.88310932	58.53990796
DTNA	144.6496964	0.5997573	2.138088726	121.388749	149.6361954	66.25874515	9.862363633	13.09087252	86.34144944	48.74227596	4.877951881	58.87146776
POTEF	0.471307448	0.184136379	0.231490021	0.530877604	0.612260996	0.58417232	0.174613423	0.131592656	0.615689005	0.361447447	0.251906213	0.377226683
SEMA3F	4.16036221	65.32479034	82.5370225	4.353863224	5.090887932	8.156194898	84.96804623	66.81339646	6.165751048	24.58749237	92.03327869	40.38100781
PALM	31.30109127	8.178026223	8.877552281	26.3233556	37.02186616	32.1307516	4.660115144	41.71252386	46.11734044	44.12544526	17.95682476	27.12771751
ROCK1	70.09138541	9.392211663	13.25124844	97.7293112	88.63007549	59.21153813	11.70613878	32.36241643	59.32206857	46.48575057	22.71637905	46.44532034
SMCR8	10.25411045	1.727833702	3.475114115	6.512195925	8.373902054	5.224783912	3.08677787	7.303785118	7.516431758	7.17395532	5.090629185	5.976319946
PELI3	26.78040261	7.671732206	2.410969486	18.61032535	18.62443056	16.84525253	4.981024886	8.453153668	16.1973443	21.65396113	5.793872419	13.4565881
SYTL1	0.400344005	120.6943635	118.7923617	0.977271523	0.231804666	0.371168916	134.2282543	29.4070449	0.424825902	12.78170004	79.37656709	45.24415514
MAPK8IP1	15.26295297	9.921393017	3.121731211	16.35393958	15.77486071	18.13188336	4.728831764	14.49380299	17.62104708	14.63091067	10.84513459	12.80786254
BCAT1	5.340939616	1.426617807	1.381054712	6.634318384	3.130037695	8.136504901	1.570863816	6.768782847	4.873159768	4.499176156	1.895169309	4.150602274
GEMIN5	13.39269715	5.064508041	6.495407928	12.25210548	13.82735659	9.536398671	4.399445816	10.75785167	13.0203567	13.38438049	7.604340714	9.975895386
UTP11L	66.46381988	34.27634662	33.21014934	64.15143906	50.83491888	60.58562326	30.19611798	44.86559908	44.52890446	44.40267267	32.32354225	45.98537577
NFATC4	58.8826485	12.91433363	6.646547489	47.40746732	53.79181378	34.47176912	8.050890501	27.76202547	54.71408741	46.85100692	13.78023251	33.20662024
DMXL1	29.6704836	9.417868953	16.24159476	30.97288049	25.27203756	32.26325012	16.11220534	20.79198969	28.80492227	24.94156657	16.21918851	22.79163526
HACE1	7.295961518	2.265933692	3.796444918	5.767455179	6.699633345	8.148052817	2.881534507	4.934562085	6.784363047	6.002869938	4.433917403	5.364611677
TRIM44	36.93336547	5.51518156	8.061127171	41.98687203	35.65426368	42.23565884	6.553139091	25.37449707	33.53137043	21.78137915	12.51973881	24.55878121
NIPSNAP3B	2.306918336	1.340114499	0.938958002	1.575208657	2.662322937	2.877882545	1.249357004	2.28981368	1.929085159	2.400051958	1.157846127	1.884323537
PDLIM5	92.89574507	17.89770498	36.46598179	109.015083	117.7365302	107.3418934	38.18201147	40.07424064	76.38718807	70.34578965	31.93108578	67.11575037
REEP1	70.51221768	0.417786805	0.930782775	55.03880367	65.2363133	37.90723686	6.688453681	9.6451226	68.06609169	38.96678084	1.208419363	32.23800084
ABI2	30.30111543	9.199240233	7.0651761	32.23790929	32.65869981	34.6656708	7.645023849	24.86293414	35.28463045	28.04085427	15.26742633	23.38442552
PTPN11	143.676645	15.39137388	33.32636092	135.7954182	201.0244578	146.6986795	32.21547821	72.94400939	107.353311	74.96100976	39.48564835	91.17021745
FGL2	194.3500247	7.834614099	12.0861852	167.8043314	269.0879418	187.0551649	19.74240534	99.24356381	165.4446912	225.0645638	19.76155847	124.3159132
DENND5A	77.76346047	12.463053	9.860431563	78.62094888	77.65968417	81.21783205	8.737835019	36.35685707	93.9101547	56.76598559	17.2747583	50.05736371
SCML1	6.444751664	1.8660171	3.489330533	6.592307535	4.671974591	8.141100931	3.508395436	4.697409722	6.869392761	5.915955711	2.977132055	5.015797094
C5orf42	9.765906444	3.014058495	2.458290896	12.78334026	8.997414246	12.94205307	3.863582141	8.426373281	8.241971371	7.997996957	6.095344033	7.689666472
NFYB	50.0937644	7.942196174	6.883471615	34.63088782	38.08051978	39.60650872	9.959739502	20.51663532	31.95574815	27.58689139	15.55808389	25.71040425
CPEB1	17.35650862	1.201048905	0.705356515	9.460297162	17.12785893	10.14243538	0.90422005	7.539365176	12.6847325	11.67982382	2.227505603	8.275377515
TRPC3	3.134863989	0.417978388	0.408609402	4.450289639	6.334472434	5.547992613	1.273149368	3.154358948	4.210624009	1.672889065	0.715551637	2.84734359
DENND5B	15.46059286	2.240646991	2.693408887	14.80752238	13.80296643	16.77985116	2.210996871	10.5337859	11.0517497	13.96362295	4.662788493	9.837084784
PREPL	33.19274861	9.581163289	10.51194306	36.86686273	33.00080855	31.17127438	13.71519886	33.18426948	30.33631693	32.19544844	24.6997214	26.22325052
NT5DC3	114.0166904	2.02842242	2.957804972	114.1472048	71.27699417	101.7254729	6.833666867	8.731221318	69.76426426	38.98472611	4.287168766	48.613967
KCMF1	20.61154705	10.5687713	18.85333819	17.61659833	19.58204814	18.49631414	15.92310806	14.57625879	19.04306512	15.9193791	12.78752343	16.72526833
MKRN2	24.60124796	6.325854968	11.24728408	18.04848778	23.84083272	24.75048639	18.8318784	19.97164221	23.13834017	23.23338719	15.77155839	19.06918184
EP400NL	5.941014137	3.984078901	3.757737369	5.246327525	4.951649633	5.184378318	3.880794135	6.027415158	3.463912069	6.898360048	3.915133969	4.840981933
KLHL4	2.337127354	0.012226518	0.150789145	1.794060868	2.782400714	2.414913943	0.010571183	1.254233259	2.945474477	1.980171442	0.192592368	1.443141934
FAM53C	33.10417673	17.96014782	15.84541958	37.61013493	34.78761077	34.56467928	12.00425785	23.52720129	30.35049118	24.70395693	18.23268283	25.69915993
PDPR	14.54316627	3.671990259	2.495603354	26.06369893	18.51920093	18.13196667	9.441900189	12.41303592	16.71578107	18.11649322	9.264072767	13.57971905
SDC1	1.314060916	1424.858822	1245.365169	2.515864391	3.815772411	2.482500166	1011.655295	486.6146792	22.15397157	114.1539279	1893.363294	564.3903052
EP400	36.31513227	14.88655913	17.86239321	33.35195053	36.0564129	33.48940469	16.51623704	32.10004805	33.83310158	30.14162891	24.05060429	28.05486115
KIAA1468	9.721468029	9.888657625	28.29565741	8.406423712	6.733714003	6.270011601	22.11387996	11.15237971	6.237794311	10.0231006	19.2669244	12.55545558
MAP3K15	2.07298908	0.949337478	1.150105737	1.516204061	1.729024909	1.806607538	1.435017577	1.405845658	1.625689741	1.650516371	1.248121627	1.508132707
TMEM63B	20.83112487	58.94926742	38.78978893	20.89991697	20.10716903	16.81280658	48.54500193	47.56648213	19.6295953	23.85304621	58.95141114	34.0850555
DYSF	50.20667652	2.707310218	3.063172748	53.96355264	59.72209878	55.42035484	5.943978917	18.42264258	55.36469572	43.67025152	3.024723558	31.95540528
ZNF382	2.175873606	0.39749831	0.133510274	2.109700139	1.811445924	1.658908538	0.270557737	1.270831409	2.408349643	1.995224953	0.43040732	1.332937077
TSEN2	11.45192403	6.410363401	4.450933652	9.158517637	9.126601683	9.996741684	5.646068933	9.394619304	6.892271013	10.95916156	6.729325508	8.201502582
PKNOX1	25.49068477	10.3329487	6.5081908	23.40489967	27.63273686	28.38369287	7.547439024	16.82407457	29.31633724	21.08471058	11.2664196	18.89019406
GNAQ	226.9290924	60.61787776	32.24755143	205.7781703	219.7104666	204.5551322	53.40342393	115.0416664	207.1601691	140.6340699	65.83208202	139.2645184
KLF12	8.38415272	0.589610763	1.748685267	7.437287371	8.562154139	7.807588429	0.893141584	4.44572027	8.118241274	6.727469634	3.016314083	5.248215048
FUBP3	68.337329	25.94389121	35.9573932	62.86610187	65.59723165	62.06838123	37.01019188	57.14444102	60.18433888	58.71937393	35.40428566	51.74845087
TMEM9B	23.53095277	72.13466764	71.57622073	20.79243983	18.0420314	18.00724174	72.41228651	68.2566181	19.09701501	38.91225392	87.79978643	46.4146831
PKDCC	123.7101846	1.46870987	2.822430111	136.5156297	119.0205345	58.5212926	15.79585501	19.58880272	96.72690741	79.77639671	4.656793538	59.8730488
FBXL7	28.79139985	3.402272527	3.847095806	28.08963696	30.31268329	26.24387681	2.353314068	18.03650896	39.60256364	32.24219334	3.86250383	19.70764083
CASP10	4.775239992	6.771879223	8.667295729	3.94931717	2.941032706	3.399885779	12.65407182	10.74877465	3.63167604	8.471636145	12.96963497	7.180040384
C3orf15	2.612793463	0.533960941	0.406672292	2.661680566	2.044043816	2.252049207	0.453569107	1.967057434	2.187412024	2.034588178	0.976171256	1.648181662
SCN7A	10.16931663	0.157784914	2.916084551	9.805205117	10.56096111	13.28890703	1.09803546	8.281150961	12.52812115	9.604962255	3.231526966	7.422005104
UBQLN1	66.01571357	42.75374589	53.32041703	63.91699097	59.66349803	60.89655428	38.6486675	68.18843668	50.67490547	59.34445277	46.53530888	55.4507901
NFIB	49.76269676	15.10526611	6.236613015	36.93543338	39.31318312	32.5002885	6.258944738	29.13402927	45.58895564	46.57623252	10.20041647	28.87382359
SHC4	0.871483294	0.28021248	0.474803604	1.267640007	0.807295997	1.161570663	0.395013294	1.367135236	0.839570389	1.340143803	0.738112522	0.867543754
COPS6	195.2846694	144.2653735	135.2587971	178.4617031	207.7227726	177.4174753	149.6142223	167.131403	190.5656603	181.5797897	140.4665033	169.7971245
CARD6	5.185706601	11.75825761	11.83066969	2.491147881	3.089124348	2.971721022	12.42791848	10.84127368	4.891749031	6.928380401	15.67976915	8.008701626
OSTM1	48.03842354	10.02488356	8.995746051	40.84247085	41.53380377	40.34460989	9.915043505	28.10176941	50.95269695	33.94744075	15.08473997	29.79832984
GARNL3	12.5026186	9.084533082	1.269930671	10.76220988	15.70696432	16.53670274	2.588627091	6.684093283	11.15514071	15.65589287	3.543024281	9.589976139
MED22	41.75460717	15.19316485	7.087804178	33.63024805	49.01373448	28.64652173	12.7396308	24.51618114	35.15040824	36.68153008	14.14492775	27.14170532
CNBP	305.5271095	170.2711693	139.5637012	248.5203906	259.6734391	325.2472979	158.4508627	212.8747171	230.5348613	300.8674473	175.0045634	229.6850509
TP63	0.027444053	36.24498181	49.96972265	0.190321337	0.137513786	0.174616133	46.39733278	39.60093048	0.156012398	10.78154085	49.58820931	21.20623869
ACOT9	46.39065808	9.522830775	10.99465839	56.83266886	69.63518217	54.42847704	11.27754314	28.32447974	45.22512343	41.19181505	20.20221969	35.82051422
HUWE1	69.63714392	23.8140475	27.93653411	68.11935028	72.35882056	67.85268046	27.48145306	53.95946879	66.63489507	62.80378338	34.72495559	52.30210298
C1orf106	0.25300356	97.06280877	34.46747977	0.189904294	0.232001742	0.158947489	42.6578406	30.59096519	0.169207104	13.13043322	89.778113	28.06279134
KIAA1462	156.4565585	5.693340454	6.257999734	104.4684597	134.2459073	133.9970551	9.114855106	35.61338212	92.21621417	101.4839424	6.887999964	71.49415587
TSPAN1	0.850840994	337.1789759	10.59624317	1.06208717	1.350046635	3.045138652	48.73854167	140.1740988	0.967362595	48.23377144	870.4013739	132.9634983
UPF3B	19.18289822	4.231741791	5.606378697	13.093979	15.31548962	12.59150078	10.49550657	10.49491283	12.77093367	12.0482325	5.101145009	10.99388352
TAB3	7.559243868	3.466378253	7.745140855	8.578224895	8.287870925	8.229939943	7.533579839	9.006627399	8.605031105	7.611101117	5.650951284	7.47946268
KCTD7	22.87438992	2.37409486	1.543356333	19.95683583	24.54602887	13.744617	2.970289089	8.15357423	19.1673519	20.23041208	5.26788122	12.80262103
FAM149A	30.71465668	5.020964459	4.160315423	25.6865365	24.79528889	27.09722889	6.79044659	15.18677347	22.70133815	21.82478502	4.786839313	17.16047031
CAPZB	321.739076	235.8592352	212.0629303	312.1248902	330.037238	274.1638367	244.5985188	314.2141153	351.3736985	295.771157	227.8104534	283.6141045
TECPR2	26.68901522	6.185755471	5.025648721	33.41295188	33.6622826	19.43451382	8.14468586	13.84493364	24.79923384	23.81294941	9.241648672	18.56851083
MRPS10	36.77581463	18.0542997	33.07380693	41.37691991	39.0388759	34.33699218	33.65702202	32.90176712	40.70947036	32.2671906	27.0499258	33.56746229
USP45	10.57161802	2.778728298	4.553130514	10.09724642	10.98033274	9.332290202	5.97284551	6.410118194	8.09305444	8.877542862	5.395673075	7.551143662
GRB10	44.98902093	17.59998133	6.943348237	45.25470034	37.46656762	34.17761005	5.11511818	18.8095705	28.56100122	27.25388318	7.833642155	24.90949489
ADAM11	0.824286083	0.111343084	0.465439028	1.446182389	1.082571758	1.267930344	0.886683239	1.083769153	1.254901371	1.640343228	0.117161931	0.925510146
SNPH	8.739347902	0.739092783	0.573298164	6.64845809	10.84422034	4.71833639	1.030011953	3.212960621	9.293716715	5.749268908	2.831011907	4.943611252
PRKCZ	3.501302506	25.01332284	18.30521635	2.560555481	3.420186303	2.871478465	20.29336344	15.84971778	5.699783922	5.316620748	25.61665021	11.67710891
SAMD14	4.607822786	0.840383007	0.604429092	2.744962852	6.897080356	4.660299999	0.52967429	4.811455936	5.94023551	4.029284567	0.75181936	3.310677068
DST	243.1007006	109.400837	71.75922336	290.4028769	253.9046724	299.6007275	50.06710542	191.1404288	168.0416131	200.8594942	79.16203891	177.9490653
AGK	31.95298551	22.07341171	23.85762686	33.10228815	31.80832136	34.48332859	32.1831377	41.50822288	35.29527667	39.13457917	30.22466033	32.3294399
MAGI2	22.45150663	7.172586207	1.718700207	22.27862851	20.70098271	19.94995921	3.830221113	9.769556735	18.71259098	18.24946543	4.629310375	13.58759165
SETD5	35.01824581	14.54606194	16.25207873	34.58628114	28.90130602	29.66596402	21.34849796	31.33440159	32.30787386	27.0499636	20.91787767	26.5389593
GTF2H5	12.79194017	7.974218001	5.040720123	12.14640051	15.18589464	11.76037625	6.872332803	9.197277356	11.15382953	10.63290124	7.569677399	10.02959709
RNASEH1	19.79324837	8.567225131	7.61481517	19.75606358	19.58627215	20.2948188	8.669782546	15.04040498	17.07310123	14.3808613	9.252500863	14.54809947
C1orf116	0.034354534	86.27811975	129.7564859	0.012706386	0.076506714	0.052044028	43.5545626	15.0103063	0.075948725	4.494328121	75.58431534	32.2663344
COQ7	16.65479649	14.15740923	8.698001846	18.03958282	17.11480493	15.39931658	10.20555068	17.03334206	16.06661201	15.35154425	12.09230631	14.61938793
RAB11FIP2	16.8718225	2.082700528	2.227844578	15.06895052	16.49621466	13.19127298	2.768661868	13.49336731	15.88427994	10.4923086	2.884474861	10.13289985
CD99L2	79.82061072	12.3921123	9.271986953	67.78367009	73.02438583	54.05993917	9.157019625	38.41325345	88.3358328	75.98145641	14.00779001	47.47709612
TACSTD2	1.146508238	1102.124252	1558.509236	1.652135598	2.785359376	4.127854616	707.065291	303.7900787	1.467166601	76.48994958	1285.163456	458.5746624
KHDRBS3	16.70194958	2.863893579	2.581097519	18.56890918	31.38890392	9.320847701	1.488073419	18.62029517	25.7518713	14.28193981	3.445137234	13.18299258
CHCHD3	67.36687397	25.72112187	28.19007193	65.47236215	69.40079611	61.13632648	33.92401425	60.20904081	74.5108425	54.86441147	33.65708195	52.22299486
KIAA1279	25.00066725	15.46487149	13.16845514	26.98323494	26.67124307	21.18494361	15.17611033	23.71074553	25.59172586	22.45659658	15.25742027	20.96963764
CCDC107	125.4045087	29.09152358	18.61470724	97.07214493	124.6043043	78.84277507	29.38862333	48.67321897	103.3600061	80.59574633	31.63164256	69.75265464
FAM172A	22.07688237	5.83790269	5.197108332	17.69464849	21.50467893	25.36481089	7.080612406	13.27028009	19.59095033	15.56209345	12.29972294	15.04360826
TRPC1	8.363660533	1.311126869	1.159569631	8.673286396	7.215120856	9.711513399	1.365801014	5.964562657	8.543177614	9.009079461	3.53721552	5.895828541
REV3L	15.842137	2.326421563	3.143041108	15.98479339	12.33161163	24.52772363	2.06132056	12.88956309	12.38174184	9.955893212	3.778447163	10.47479038
PBX3	50.36912928	8.266900164	9.742535571	47.36394425	50.72871894	43.8140176	8.374072221	36.93305625	60.13795716	48.03807801	15.49883709	34.47884059
PRKAR1B	24.63131498	12.51166017	7.168393416	13.99634208	23.13395703	17.57947265	12.29681871	16.30990259	17.77411206	24.19225099	5.820255579	15.94677093
USP16	34.47412298	17.66575367	22.94133462	40.68296393	37.8443695	44.01540125	21.85480846	34.53239409	33.28452462	31.38656898	29.59323158	31.6614067
FAM83H	0.235236855	74.29846452	78.68630062	0.186438914	0.276901012	0.311562798	84.24094201	32.92351573	0.273820155	6.756705615	78.1724271	32.39657412
RBBP6	25.25040091	16.03517579	21.45944061	31.83069697	25.04312245	40.41109972	14.80497533	24.70347351	19.99891044	19.43468931	20.46192919	23.58490129
KLF5	4.151714844	401.2064661	365.3777107	6.680757724	2.442898537	4.462248072	214.0603409	136.2867109	1.799003521	33.49397218	669.78407	167.2496267
MRPL35	47.20551726	18.13521176	17.61945139	40.96147924	45.47164894	28.7620786	26.71527806	37.2668955	46.46128744	34.13482254	24.09233319	33.34781854
PRDM11	3.723698547	0.959257828	0.792500119	3.453400709	3.542914765	2.841582951	0.629533165	1.269077149	2.830334853	2.921291676	0.854240238	2.165257454
PTGER3	48.56827283	1.182376398	1.446814883	54.48963489	27.92433303	65.79304014	3.826470146	8.042215528	43.63880151	20.75288936	3.473644584	25.37622666
NDFIP2	6.051574238	35.51263698	25.22387976	6.043243717	5.32330019	7.428804307	22.25897569	24.54982134	6.612761323	12.18934216	49.83453622	18.27535236
FGFR3	0.257205865	61.53697461	145.1669341	0.276997038	0.32851262	0.622283993	156.0558341	21.29840886	0.65940072	10.82726819	251.3651241	58.94499493
