mirna	sample1	sample2	sample3	sample4	sample5	sample6	sample7	sample8	sample9	sample10	sample11	average
hsa-mir-939	0	0.589245999	0.386116	0	0	0	0.619988999	0	0.142441	0.276426	0.277406	0.208329454
hsa-mir-338	103.2054279	137.6478389	448.5378435	74.73029493	18.31569898	35.93634296	146.9374698	68.33777992	117.7989519	241.1814318	300.9853727	153.9649503
hsa-mir-424	23.94414997	88.50473191	36.42358996	13.36534899	17.01486798	7.748356992	23.55959398	22.02622598	51.13642495	20.45550298	29.40502297	30.32580151
hsa-mir-152	143.5421118	264.8071007	270.4097587	95.35662691	82.99300992	69.51255493	226.9160928	94.0350439	191.8684248	177.8799448	343.5209406	178.2583282
hsa-mir-381	8.840916991	84.02646291	75.93610592	9.060164991	4.162658996	5.031978995	40.29930596	31.90978996	26.49408097	13.13022099	100.5133949	36.30955287
hsa-mir-323	0.184186	4.006871996	1.029641999	0.064256	0	0.089062	0	0.564774999	0.712205999	0.829276999	2.034309998	0.864962363
hsa-mir-665	0	0.824943999	1.029641999	0.128513	0	0	0	0.847162999	0.427324	0.138213	1.109622999	0.409583818
hsa-mir-377	0.675347999	7.660196992	9.52418999	0.835333999	0.520331999	0.489838999	0.619988999	2.541487997	1.566853998	1.105702999	11.92845299	3.406156996
hsa-mir-766	0.859533999	2.710530997	3.861157996	1.349385999	1.456930999	0.534368999	3.719935996	1.129549999	3.561031996	0.691063999	2.589120997	2.042055634
hsa-mir-141	1.903252998	814.5735111	241.7084847	2.248976998	4.526890995	2.404661998	237.4559108	49.70020295	3.988355996	9.398473991	387.9058806	159.6195094
hsa-mir-27a	231.6443068	833.6650781	1141.486982	193.5405398	216.9785898	86.43425291	549.3105404	347.6190356	257.1065387	253.2059507	1256.001328	487.9084675
hsa-mir-29c	752.2146952	3494.581644	4007.495791	524.7184745	491.4018715	351.9267906	1926.306827	715.8523592	697.2501413	1079.02776	3838.465076	1625.385585
hsa-mir-376b	0.061395	1.885586998	2.960220997	0	0	0.133592	0	0.847162999	0.712205999	0.138213	1.849371998	0.780704454
hsa-mir-31	0.122791	46.66827395	25.22623197	0.128513	0.312199	0	0	5.930137993	0.284883	1.520340998	4.715899995	7.719024628
hsa-mir-223	29.89948997	261.2716257	728.8579072	47.35703095	5.515522994	111.7722699	57.03901794	86.6929679	24.64234397	59.70795294	518.4715784	175.5661553
hsa-mir-676	0.491161999	0.471396999	1.029641999	0.257026	0.1561	0.044531	0	0.282388	0.284883	0.276426	0.739748999	0.366664
hsa-mir-30d	1995.284474	6109.654881	4165.417149	1046.609663	1057.575502	859.9339821	2384.478937	1398.382991	2363.528416	2755.826118	5369.283156	2682.361388
hsa-mir-380	0.245581	1.414189998	0.386116	0.321282	0.1561	0.133592	0.619988999	0.564774999	0.569764999	0.414639	2.126777998	0.632073363
hsa-mir-27b	1085.406758	2033.723247	2729.452523	813.2301012	957.671691	466.0591925	1461.314834	746.9149862	1190.524348	1074.743162	1752.372905	1301.037613
hsa-mir-382	1.412090999	22.86273998	21.36507398	2.570258998	0.832531999	1.914823998	17.97968998	13.27221299	10.96797999	4.008172996	23.11715598	10.93661199
hsa-mir-221	88.90033291	411.2936276	498.6041905	54.36098795	78.77831792	34.24417296	188.4767538	95.1645939	91.4473119	86.38303491	280.4573387	173.4646057
hsa-mir-3653	0.184186	2.474832997	1.029641999	0.064256	0	0.089062	2.479956997	0	0.569764999	0.276426	1.109622999	0.752522726
hsa-mir-106b	76.49849092	267.8711797	242.9955377	60.59386694	48.54700795	44.66437695	196.5366158	123.9681209	132.6128459	101.5864489	428.8694805	156.7949066
hsa-mir-199b	389.2459326	1431.396103	1403.144782	216.9941568	160.6786298	136.0415469	683.2282343	440.5245285	638.4218863	557.4124444	1612.652813	697.2491872
hsa-mir-487a	0.245581	1.767737998	2.960220997	0.064256	0.208133	0.089062	0.619988999	1.694324998	0.997088999	0.414639	1.571966998	0.966636363
hsa-mir-590	0.736742999	3.653323996	6.563967993	0.385539	0.208133	0.356246	3.099946997	0	2.563942997	1.243915999	5.455648994	2.206127998
hsa-mir-132	27.93484197	185.2589058	165.2575588	40.35307396	24.50765398	42.03706096	44.63923095	228.4515027	28.48825897	42.56955896	151.3711388	89.16988963
hsa-mir-584	11.78788899	84.14431191	112.7458109	5.204774995	2.237428998	5.477286994	54.55905994	33.03933996	15.95342498	14.23592399	103.9347339	40.30181687
hsa-mir-216a	0.061395	0.117849	0.128705	0	0.052033	0.089062	0.619988999	0	0.284883	0.414639	0.554811999	0.211215182
hsa-let-7c	1937.327351	2759.084931	5078.452288	890.7234251	472.8780395	923.8356581	2994.548431	1158.353601	2464.376853	3082.699521	4850.996515	2419.388783
hsa-mir-136	1.534880998	22.27349398	16.98909498	1.477898999	0.416266	0.667961999	9.29983999	6.777299993	6.694740993	2.487830997	16.27447798	7.717616992
hsa-mir-410	1.964647998	27.34100897	21.23636898	2.763028997	1.508963998	2.760908997	13.01977599	10.44833799	13.67436399	3.731746996	35.23054596	12.1526999
hsa-mir-186	42.60830895	116.9063839	126.0024529	23.19659198	24.66375298	18.16855998	78.11865492	31.62740197	79.48224291	69.24463993	125.9422669	66.90556884
hsa-mir-299	0.552556999	6.835251993	8.237136991	0.835333999	0.468299	1.157799999	4.339924995	4.800587995	1.424412998	1.796766998	11.74351499	3.835598814
hsa-mir-495	1.780461998	18.14877298	21.23636898	0.963846999	0.312199	0.712492999	3.099946997	7.342074992	4.700562995	3.593533996	17.75397598	7.240385265
hsa-let-7i	138.5077009	451.7158955	538.7602334	88.03138692	73.57499393	50.49790995	295.1149177	162.6552108	213.2346198	216.8559698	631.0983633	260.0042911
hsa-mir-1226	0.306976	0.707094999	0.386116	0.321282	0.260166	0	0.619988999	0	0	0	0.462343	0.278542454
hsa-mir-1266	0.368372	3.181927997	7.593610992	0.321282	0.052033	0.623430999	3.099946997	4.518199995	0.427324	0.967489999	4.346024995	2.318149361
hsa-mir-1180	2.087438998	10.01717999	6.821378993	2.056207998	2.081328998	0.846084999	4.339924995	2.823874997	2.848825997	3.593533996	6.380334993	3.990555905
hsa-mir-484	7.735801992	43.48634595	51.73951594	5.269031995	4.735023995	3.028092997	26.65954097	13.27221299	11.68018599	12.43915699	30.88452097	19.1754028
hsa-mir-627	0.122791	1.060642999	0.772231999	0.064256	0	0.044531	0	0	0	0.138213	0.369874	0.233867272
hsa-mir-100	2652.152334	7844.630465	6039.880606	1838.956406	1824.181154	1927.381421	4333.725368	2719.109415	4027.670072	5112.217085	9341.735269	4332.876327
hsa-mir-331	2.210228998	8.485140991	5.276915994	2.313233998	1.977262998	1.335923999	6.819882993	2.259099998	7.406946992	2.487830997	6.565271993	4.285249086
hsa-mir-15b	39.04738396	151.9075888	226.5212638	27.24475097	26.64101597	25.91691697	77.49866492	80.48044291	40.73821096	65.23646793	286.6527367	95.26231308
hsa-mir-1254	0	0.471396999	0.128705	0	0	0	0.619988999	0.282388	0.142441	0	0.277406	0.174756909
hsa-mir-412	0.122791	20.50575698	2.059283998	0.192769	0.052033	0	2.479956997	4.235812995	0.569764999	0.414639	20.06569198	4.608954541
hsa-mir-432	1.780461998	15.90963898	6.821378993	1.542155999	0.364233	0.757022999	7.439871992	6.494912993	12.81971699	2.764256997	10.26401699	6.087060721
hsa-mir-107	19.40090098	53.14997894	44.01719995	7.839290992	10.09444799	7.347578992	22.31961598	15.53131398	23.93013797	27.22793197	64.26569393	26.82946288
hsa-mir-130a	4.666039995	23.09843898	22.52342098	1.734924998	1.665063998	2.760908997	8.679850991	6.777299993	16.09586598	11.47166699	24.59665397	11.27910326
hsa-mir-25	1912.278086	6836.784304	6856.129388	1120.761649	1012.566754	916.1763631	3285.323424	3060.515925	1612.577906	2965.356807	8831.863274	3491.848534
hsa-mir-345	0.429767	2.474832997	2.960220997	0.257026	0.1561	0.133592	1.239978999	0.847162999	1.709295998	1.105702999	2.774058997	1.280703544
hsa-mir-18a	0.736742999	2.356983997	2.831515997	0.385539	0	0.178123	0.619988999	0	0.712205999	0.276426	3.328869996	1.038763272
hsa-mir-21	19145.80408	74574.48779	51808.75936	12664.11829	9039.421723	3803.507909	48501.14476	20595.36888	42141.25727	17897.59725	60706.39181	32807.0781
hsa-mir-629	6.139525993	42.89709995	57.78866294	3.983901996	1.560996998	3.028092997	52.69909294	17.50802598	10.96797999	12.30094399	59.45732594	24.39378634
hsa-mir-10b	10747.11704	97566.03728	75976.13282	5981.507877	2999.299734	4584.132563	22059.22012	19793.67072	9972.172657	29805.04936	46809.28221	29663.05658
hsa-mir-155	10.86696099	145.6615828	558.0660224	18.50586798	6.087888994	5.521816994	253.5756327	128.4863209	26.63652197	79.33417892	578.6686524	164.6737679
hsa-mir-151	535.2438554	3450.034655	2508.33688	448.1247416	387.5435346	379.8921236	1280.277953	1008.123441	569.7651824	721.7475293	5270.526665	1505.419687
hsa-mir-505	8.104173991	41.48290996	31.40408397	3.791132996	3.174026997	3.606993996	10.53981899	6.212524993	11.39530399	12.02451799	30.60711497	14.75841844
hsa-mir-651	0.122791	1.414189998	1.801873998	0.128513	0	0.044531	0	0	0.284883	0	0.739748999	0.412411909
hsa-mir-222	15.47160498	70.94520492	68.98602093	9.445703991	8.169217992	5.388224994	26.03955197	22.02622598	25.06966797	20.73192798	49.74811995	29.27467924
hsa-mir-454	0.982323999	2.239133998	2.831515997	0.514052	0.208133	0.356246	1.239978999	0	1.709295998	0.552850999	1.941840998	1.143215635
hsa-mir-140	246.6247497	1170.242328	1864.810563	157.4926498	123.3187669	167.2130968	556.7504124	435.7239405	307.3883157	644.4865433	2299.32482	724.8523805
hsa-mir-93	397.1659206	1771.626677	981.5063399	155.2436729	149.5955508	142.9883499	612.5494514	343.6656096	773.4562342	464.5334065	1224.099653	637.8573514
hsa-mir-1301	0.613952999	4.478268995	2.187988998	0.257026	0.260166	0.267185	1.859967998	1.411937998	1.424412998	1.105702999	3.883681996	1.613662907
hsa-mir-940	0	0.707094999	1.158346999	0.064256	0.104066	0.044531	0.619988999	0	1.424412998	0	1.387028999	0.500884181
hsa-mir-191	57.52735594	410.9400806	214.0368528	27.69454597	27.94184697	33.26449597	86.79850491	72.85597992	76.06365192	96.4725729	340.9318186	131.3207006
hsa-mir-653	0.122791	2.828379997	2.187988998	0.321282	0.208133	0.311715	1.239978999	0.282388	0.854647999	0.829276999	2.311715998	1.045299817
hsa-mir-340	10.62137999	13.55265499	22.39471598	10.60231999	8.533450991	11.22175799	16.11972198	17.22563898	10.25577299	10.91881599	14.51757398	13.26943671
hsa-mir-92b	14.05951399	45.84332995	36.80970496	10.47380699	7.440752992	7.258517993	35.95938096	15.53131398	43.15971295	27.78078397	43.27531595	26.14473952
hsa-mir-625	19.03252998	112.7816619	127.4182109	13.94365799	12.54000999	11.57800399	92.9983989	58.17182894	27.91849397	46.71594495	235.0552437	68.92308956
hsa-mir-181c	8.840916991	31.11218297	21.10766298	6.682674994	5.775688994	3.206215997	14.87974398	7.906850991	15.66854298	16.17090398	36.24770096	15.23628053
hsa-mir-95	0.306976	1.532038998	4.118567996	0.257026	0.1561	0.089062	1.239978999	1.411937998	0.284883	0	2.034309998	1.039170999
hsa-mir-185	9.33207899	27.22315997	26.38457897	4.369440996	3.330126997	3.428869996	24.79957297	7.624462992	11.68018599	8.569196991	35.23054596	14.72474735
hsa-mir-504	0.306976	1.414189998	5.019504995	0.642564999	0.624398999	0.445308	1.859967998	0.847162999	0.712205999	2.073192998	2.774058997	1.519957453
hsa-mir-1262	1.043718999	2.828379997	0.772231999	0.321282	0.468299	0.356246	0.619988999	0.282388	1.139529999	1.105702999	0.462343	0.854555545
hsa-let-7e	750.1272562	1825.248053	929.509413	311.8367317	281.6038677	336.9644477	639.8289813	524.6760094	906.211522	687.8853803	1509.550296	791.2219963
hsa-mir-3684	0	0.589245999	0.386116	0.064256	0	0	0	0	0.142441	0	0.369874	0.141084818
hsa-mir-143	855042.849	419991.9576	453981.5612	912496.9284	923338.6013	939811.2107	693135.6635	847985.9972	779607.9894	796469.9599	511268.3648	739375.553
hsa-mir-335	4.911620995	24.27692997	35.26524196	2.634515997	2.705727997	1.603107998	16.73971198	7.342074992	3.561031996	7.463493992	56.03598694	14.77631317
